(5, 43) & (29, 49)
(29, 39) & (41, 39)
(41, 39) & (53, 39)
(53, 39) & (54, 39)
(54, 39) & (56, 39)
(56, 21) & (59, 22.5)
(59, 23) & (59.5385, 22.7692)
(59.5385, 22.7692) & (60, 23)
(60, 22.5714) & (69.7442, 18.3953)
(69.7442, 18.3953) & (71, 19)
(71, 17.8571) & (73, 17)
(73, 17) & (76.1277, 15.6596)
(76.1277, 15.6596) & (87, 21.7353)
(87, 21.7353) & (92, 24.5294)
(92, 50) & (96, 28)
(96, 26.7647) & (100, 29)
(108, 26) & (120.814, 11.4777)
(120.814, 11.4777) & (123, 19.2857)
(123, 19.2857) & (126, 30)
(130, 31) & (132, 43)
(132, 3) & (164, 31.5217)
(164, 42) & (168.941, 37.0588)
(168.941, 37.0588) & (170, 39)
(170, 36.8696) & (172, 38.6522)
(172, 46) & (175, 44.1786)
(175, 44.1786) & (176, 43.5714)
(176, 43.5714) & (176.904, 43.0228)
(176.904, 43.0228) & (178, 44)
(178, 42.3571) & (179, 41.75)
(179, 41.75) & (200, 29)
(200, 19.5) & (206, 22.5)
(206, 38) & (210, 30.4706)
(210, 45) & (216.305, 42.533)
(216.305, 42.533) & (221, 40.6957)
(221, 40.6957) & (223, 39.913)
(223, 39.913) & (229, 37.5652)
(229, 37.5652) & (233, 36)
(233, 24.1628) & (257, 17.4651)
(257, 17.4651) & (261, 16.3488)
(261, 22) & (262.811, 20.6884)
(262.811, 20.6884) & (265.951, 18.4146)
(265.951, 18.4146) & (268, 22)
(268, 17.4) & (270, 18)
(270, 15.4828) & (273, 13.3103)
(273, 13.3103) & (275, 11.8621)
(275, 17) & (279.098, 16.0164)
(279.098, 16.0164) & (288.826, 13.6817)
(288.826, 13.6817) & (290, 14.48)
(290, 14.48) & (299, 20.6)
(299, 20.6) & (304, 24)
(304, 22.5) & (306, 39)
(306, 17.75) & (307.609, 17.3478)
(307.609, 17.3478) & (309, 17)
(309, 50) & (318.209, 14.6976)
(318.209, 14.6976) & (321, 14)
(321, 14) & (325, 13)
(325, 13) & (327, 12.5)
(327, 24) & (333, 26.8)
(333, 26.8) & (341, 30.5333)
(341, 34) & (348.792, 34.1694)
(348.792, 34.1694) & (349.579, 34.5369)
(349.579, 34.5369) & (349.961, 34.7151)
(349.961, 34.7151) & (357, 44.4615)
(357, 44.4615) & (359, 47.2308)
(359, 47.2308) & (361, 50)
(361, 34.4348) & (364, 34.5)
(364, 38) & (368.093, 34.589)
(368.093, 34.589) & (376, 34.7609)
(376, 34.7609) & (387, 35)
(387, 26.6667) & (388, 27)
(409, 13) & (422, 9.94118)
(422, 14) & (433, 20.1395)
(433, 41) & (437.188, 44.7223)
(437.188, 44.7223) & (442, 49)
(442, 31.5) & (443, 33.375)
(443, 33.375) & (446, 39)
(446, 30.6154) & (448, 36)
(448, 28.5116) & (465, 38)
(465, 12.0294) & (475, 15.8529)
(475, 20) & (478, 21.6216)
(478, 21.6216) & (501, 34.0541)
(501, 34.0541) & (503.591, 35.4545)
(503.591, 35.4545) & (507, 40)
(507, 37.2973) & (507.217, 37.4148)
(507.217, 37.4148) & (508, 37.8378)
(508, 37.8378) & (508.129, 37.9076)
(508.129, 37.9076) & (509.855, 38.8403)
(509.855, 38.8403) & (512, 40)
(512, 40) & (512, 40)
(512, 19.8182) & (515.126, 16.5502)
(515.126, 16.5502) & (517, 17)
(517, 14.5909) & (520.598, 10.8291)
(520.598, 10.8291) & (530, 8.14286)
(530, 8.14286) & (534, 7)
(550, 2) & (572, 7)
(574, 44) & (579, 30.6667)
(579, 47) & (585, 16)
(585, 14.6667) & (585.571, 13.1429)
(585.571, 13.1428) & (586, 14)
(586, 14) & (599, 40)
(619, 3) & (622, 4.09091)
(622, 36) & (630, 34.4)
(630, 34.4) & (647, 31)
(647, 15) & (649, 16.1429)
(649, 16.1429) & (675, 31)
(675, 43) & (675.92, 32.423)
(675.92, 32.4225) & (676.668, 31.9529)
(676.668, 31.9529) & (677, 32.1429)
(677, 32.1429) & (679, 33.2857)
(679, 34) & (679.982, 33.8466)
(679.982, 33.8466) & (682, 35)
(682, 33.5312) & (684, 33.2188)
(684, 34) & (685.882, 32.9247)
(685.882, 32.9247) & (686, 32.9062)
(686, 32.9062) & (687.215, 32.7164)
(687.215, 32.7164) & (689, 32.4375)
(689, 32.4375) & (696, 31.3438)
(696, 31.3438) & (697, 31.1875)
(697, 31.1875) & (698, 31.0312)
(698, 31.0312) & (701.024, 30.5587)
(701.024, 30.5587) & (703, 30.25)
(703, 30.25) & (705, 29.9375)
(705, 29.9375) & (711, 29)
(711, 22.6364) & (718, 23.9091)
(718, 23.9091) & (720, 24.2727)
(720, 50) & (724, 46.1667)
(724, 48) & (734, 39.5625)
(734, 39.5625) & (735, 38.7188)
(735, 38.7188) & (740.888, 33.7511)
(740.888, 33.7511) & (752, 31.3939)
(752, 46) & (753.881, 41.1083)
(753.881, 41.1083) & (756, 35.6)
(756, 35.6) & (757, 33)
(757, 30.3333) & (761, 29.4848)
(761, 29.4848) & (761.792, 29.3168)
(761.792, 29.3168) & (768, 31.8)
(768, 31.8) & (771, 33)
(792, 45) & (800, 41)
(800, 41) & (804, 41.5106)
(804, 41.5106) & (836, 45.5957)
(836, 45.5957) & (847, 47)
(847, 24.5814) & (851, 21.8837)
(851, 21.8837) & (857, 17.8372)
(857, 44) & (863.681, 35.5764)
(863.681, 35.5765) & (870, 40)
(870, 27.6087) & (877.358, 18.3316)
(877.358, 18.3316) & (879, 18.7949)
(879, 24) & (880, 23)
(880, 23) & (882, 21)
(882, 47) & (896, 39)
(896, 39) & (901, 36.1429)
(901, 36.1429) & (909, 31.5714)
(909, 40) & (913.37, 38.3767)
(913.37, 38.3767) & (919.012, 36.2812)
(919.012, 36.2814) & (922, 44)
(922, 35.1714) & (923, 34.8)
(923, 34.8) & (924, 34.4286)
(924, 34.4286) & (944, 27)
(944, 9.5) & (948, 12.5909)
(948, 28) & (949.577, 13.8095)
(949.577, 13.8095) & (950, 14.1364)
(950, 15) & (952.043, 15.7151)
(952.043, 15.7151) & (974, 32.6818)
(974, 35) & (975.821, 34.0893)
(975.821, 34.0893) & (977, 35)
(977, 33.5) & (981, 31.5)
(981, 45) & (982.58, 44.2101)
(982.58, 44.2101) & (987, 42)
(987, 42) & (990, 40.5)
(990, 40.5) & (991.143, 39.9286)
(991.143, 39.9286) & (1000, 35.5)
(1000, 35.5) & (1001, 35)
(1001, 35) & (1015, 28)
(1015, 11.5385) & (1018, 12)
