(2, 19) & (4, 19.2486)
(4, 94) & (15, 91.0365)
(15, 91.0365) & (16, 90.7671)
(16, 99) & (17.8891, 98.7436)
(17.8891, 98.7436) & (20, 98.4571)
(20, 98.4571) & (24.2169, 97.8847)
(24.2169, 97.8847) & (29.3874, 97.1829)
(29.3874, 97.1829) & (34, 96.5568)
(34, 96.5568) & (41.6125, 95.5235)
(41.6125, 95.5235) & (41.8969, 95.4849)
(41.8969, 95.4849) & (44.2247, 95.1689)
(44.2247, 95.1689) & (48, 94.6565)
(48, 94.6565) & (56, 93.5706)
(56, 93.5706) & (60.2383, 92.9954)
(60.2383, 92.9954) & (61, 92.892)
(61, 92.892) & (62, 92.7562)
(62, 92.7562) & (65, 92.349)
(65, 92.349) & (67, 92.0776)
(67, 92.0776) & (70, 91.6704)
(70, 91.6704) & (72.9536, 91.2695)
(72.9536, 91.2695) & (79.1885, 90.4232)
(79.1885, 90.4232) & (83, 89.9058)
(83, 89.9058) & (83, 89.9058)
(83, 89.9058) & (83.9535, 89.7764)
(83.9535, 89.7764) & (85.6124, 89.5512)
(85.6124, 89.5512) & (86, 89.4986)
(86, 89.4986) & (90.8571, 88.8393)
(90.8571, 88.8393) & (93.3112, 88.8228)
(93.3112, 88.8228) & (94.6727, 88.8137)
(94.6727, 88.8137) & (99.5838, 88.7806)
(99.5838, 88.7806) & (104.371, 88.7483)
(104.371, 88.7483) & (104.77, 88.7457)
(104.77, 88.7457) & (104.906, 88.7447)
(104.906, 88.7447) & (109.33, 88.715)
(109.33, 88.715) & (111, 89.3881)
(111, 93) & (112, 90.4242)
(112, 90.4242) & (112.213, 89.8767)
(112.213, 89.8767) & (112.672, 90.062)
(112.672, 90.062) & (113.571, 90.4241)
(113.571, 90.4241) & (115, 91)
(115, 88.6768) & (121, 88.6364)
(121, 88.6364) & (122.506, 88.6262)
(122.506, 88.6262) & (123.611, 88.6188)
(123.611, 88.6188) & (125.485, 88.6062)
(125.485, 88.6062) & (126, 88.6027)
(126, 92) & (128, 90.4478)
(128, 90.4478) & (130, 88.8955)
(130, 96) & (139.649, 94.5466)
(139.649, 94.5466) & (142.504, 94.1165)
(142.504, 94.1165) & (144, 93.8912)
(144, 93.8912) & (146, 93.59)
(146, 85.0743) & (146, 85.0743)
(146, 93.59) & (147, 93.4393)
(147, 93.4393) & (152, 92.6862)
(152, 92.6862) & (155.73, 92.1244)
(155.73, 92.1244) & (155.964, 92.0891)
(155.964, 92.0891) & (156.339, 92.0395)
(156.339, 92.0395) & (157, 91.9518)
(157, 94) & (162, 93.8798)
(162, 93.8798) & (166.241, 93.7778)
(166.241, 93.7778) & (169, 93.7114)
(169, 93.7114) & (171, 93.6633)
(171, 93.6633) & (171.527, 93.6507)
(171.527, 93.6507) & (173, 93.6152)
(173, 93.6152) & (174, 93.5912)
(174, 93.5912) & (175, 93.5671)
(175, 93.5671) & (175.171, 93.563)
(175.171, 93.563) & (177.311, 93.5116)
(177.311, 93.5116) & (177.636, 93.5037)
(177.636, 93.5037) & (183.577, 93.3609)
(183.577, 93.3609) & (185.975, 93.3032)
(185.975, 93.3032) & (186, 93.3026)
(186, 98) & (187, 97.5316)
(187, 97.5316) & (188, 97.0633)
(188, 97.0633) & (190.659, 95.8181)
(190.659, 95.8181) & (193, 94.7215)
(193, 94.7215) & (193.726, 94.3815)
(193.726, 94.3815) & (193.869, 94.3146)
(193.869, 94.3146) & (194.817, 93.8706)
(194.817, 93.8706) & (195, 93.7848)
(195, 93.7848) & (196.572, 93.0484)
(196.572, 93.0484) & (197, 93.0381)
(197, 93.0381) & (198.884, 92.9928)
(198.884, 92.9928) & (201, 92.9419)
(201, 92.9419) & (203.743, 92.8759)
(203.743, 92.8759) & (205, 92.8457)
(205, 92.8457) & (207, 92.7976)
(207, 92.7976) & (207.142, 92.7942)
(207.142, 92.7942) & (212.639, 92.662)
(212.639, 92.662) & (216, 92.5812)
(216, 92.5812) & (219.049, 92.5078)
(219.049, 92.5078) & (219.426, 92.4988)
(219.426, 92.4988) & (221, 92.4609)
(221, 98) & (221.664, 97.8996)
(221.664, 97.8996) & (222, 97.8487)
(222, 97.8487) & (223, 97.6974)
(223, 97.6974) & (224.601, 97.4551)
(224.601, 97.4551) & (225.017, 97.3921)
(225.017, 97.3921) & (227.318, 97.0439)
(227.318, 97.0439) & (229.736, 96.6781)
(229.736, 96.6781) & (230.131, 96.6183)
(230.131, 96.6183) & (230.71, 96.5307)
(230.71, 96.5307) & (232, 96.3355)
(232, 96.3355) & (233.938, 96.0423)
(233.938, 96.0423) & (234.916, 95.8943)
(234.916, 95.8943) & (234.973, 95.8856)
(234.973, 95.8856) & (235.422, 95.8177)
(235.422, 95.8177) & (236, 95.7303)
(236, 95.7303) & (239.82, 95.1522)
(239.82, 95.1522) & (241, 96)
(241, 94.9737) & (242, 94.8224)
(242, 94.8224) & (243.846, 94.543)
(243.846, 94.543) & (244, 94.5197)
(244, 94.5197) & (244.563, 94.4346)
(244.563, 94.4346) & (248.056, 98.8157)
(248.056, 98.8157) & (249, 100)
(249, 93.7632) & (251, 93.4605)
(251, 93.4605) & (251, 93.4605)
(251, 99) & (251.342, 98.699)
(251.342, 98.699) & (252, 98.119)
(252, 98.119) & (255.608, 94.9407)
(255.608, 94.9407) & (257, 93.7143)
(257, 93.7143) & (257.708, 93.0905)
(257.708, 93.0905) & (257.729, 93.072)
(257.729, 93.072) & (258.592, 92.3117)
(258.592, 92.3117) & (261, 91.9474)
(261, 91.9474) & (262, 91.7961)
(262, 91.7961) & (262.403, 91.7351)
(262.403, 91.7351) & (263.855, 91.5154)
(263.855, 91.5154) & (264, 91.4934)
(264, 91.4934) & (264.523, 91.4143)
(264.523, 91.4143) & (265, 91.4028)
(265, 91.4028) & (267, 91.3547)
(267, 91.3547) & (268, 91.3307)
(268, 91.3307) & (271, 91.2585)
(271, 91.2585) & (273, 91.2104)
(273, 91.2104) & (273.716, 91.1932)
(273.716, 91.1932) & (275.748, 91.1443)
(275.748, 91.1443) & (277, 91.1142)
(277, 99) & (278.002, 98.3986)
(278.002, 98.3986) & (278.006, 98.3962)
(278.006, 98.3962) & (278.131, 98.3214)
(278.131, 98.3214) & (280, 97.2)
(280, 97.2) & (281.664, 96.2013)
(281.664, 96.2013) & (282, 96)
(282, 96) & (283, 95.4)
(283, 100) & (283.077, 99.996)
(283.077, 99.996) & (285, 99.8971)
(285, 99.8971) & (285.299, 99.8817)
(285.299, 99.8817) & (285.641, 99.8642)
(285.641, 99.8642) & (286, 99.8457)
(286, 99.8457) & (286.712, 99.8091)
(286.712, 99.8091) & (287, 99.7942)
(287, 99.7942) & (287.212, 99.7833)
(287.212, 99.7833) & (287.314, 99.7781)
(287.314, 99.7781) & (288, 99.7428)
(288, 99.7428) & (289, 99.6914)
(289, 99.6914) & (290.121, 99.6337)
(290.121, 99.6337) & (291, 99.5885)
(291, 99.5885) & (292.393, 99.5168)
(292.393, 99.5168) & (293, 99.4856)
(293, 99.4856) & (294, 99.4342)
(294, 99.4342) & (297, 99.2798)
(297, 99.2798) & (297.271, 99.2659)
(297.271, 99.2659) & (301, 99.0741)
(301, 99.0741) & (302, 99.0226)
(302, 99.0226) & (304.796, 98.8788)
(304.796, 98.8788) & (305.307, 98.8525)
(305.307, 98.8525) & (306, 98.8169)
(306, 98.8169) & (308, 98.714)
(308, 98.714) & (310.541, 98.5833)
(310.541, 98.5833) & (310.573, 98.5816)
(310.573, 98.5816) & (311.776, 98.5198)
(311.776, 98.5198) & (311.988, 98.5088)
(311.988, 98.5088) & (313, 98.4568)
(313, 98.4568) & (314.629, 98.373)
(314.629, 98.373) & (316, 98.3025)
(316, 98.3025) & (316.168, 98.2938)
(316.168, 98.2938) & (321, 98.0453)
(321, 98.0453) & (322, 97.9938)
(322, 97.9938) & (322.197, 97.9837)
(322.197, 97.9837) & (323, 97.9816)
(323, 97.9816) & (323.33, 97.9807)
(323.33, 97.9807) & (326, 97.9737)
(326, 97.9737) & (329, 97.9658)
(329, 97.9658) & (329.782, 97.9637)
(329.782, 97.9637) & (331, 98.1667)
(331, 98.1667) & (331.324, 98.2207)
(331.324, 98.2207) & (332, 98.3333)
(332, 98.3333) & (335, 98.8333)
(335, 98.8333) & (335, 98.8333)
(335, 98.8333) & (336, 99)
(336, 99) & (336, 99)
(336, 97.9474) & (337.285, 97.944)
(337.285, 97.944) & (337.387, 97.9437)
(337.387, 97.9437) & (340, 97.9368)
(340, 97.9368) & (340.17, 97.9364)
(340.17, 97.9364) & (340.855, 97.9346)
(340.855, 97.9346) & (341, 98)
(341, 98) & (341, 98)
(341, 97.9342) & (342, 97.9316)
(342, 97.9316) & (342.223, 97.931)
(342.223, 97.931) & (343, 97.9289)
(343, 97.9289) & (349, 97.9132)
(349, 97.9132) & (349.44, 97.912)
(349.44, 97.912) & (351, 97.9079)
(351, 97.9079) & (351.002, 97.9079)
(351.002, 97.9079) & (354.758, 97.898)
(354.758, 97.898) & (356, 97.8947)
(356, 97.8947) & (363.842, 97.8741)
(363.842, 97.8741) & (364, 97.8737)
(364, 97.8737) & (367, 97.8658)
(367, 97.8658) & (369, 97.8605)
(369, 97.8605) & (370, 97.8579)
(370, 97.8579) & (371.507, 97.8539)
(371.507, 97.8539) & (372, 97.8526)
(372, 97.8526) & (374.791, 97.8453)
(374.791, 97.8453) & (377, 97.8395)
(377, 97.8395) & (378.145, 97.8365)
(378.145, 97.8365) & (378.456, 97.8356)
(378.456, 97.8356) & (381, 97.8289)
(381, 97.8289) & (381.16, 97.8285)
(381.16, 97.8285) & (382, 97.8263)
(382, 97.8263) & (382.787, 97.8242)
(382.787, 97.8242) & (383, 97.8237)
(383, 97.8237) & (384, 97.8211)
(384, 97.8211) & (385.277, 97.8177)
(385.277, 97.8177) & (387, 97.8132)
(387, 97.8132) & (388, 97.8105)
(388, 97.8105) & (389, 97.8079)
(389, 97.8079) & (390, 97.8053)
(390, 97.8053) & (390.062, 97.8051)
(390.062, 97.8051) & (390.48, 97.804)
(390.48, 97.804) & (391.76, 97.8006)
(391.76, 97.8006) & (392, 97.8)
(392, 97.8) & (392.955, 97.7975)
(392.955, 97.7975) & (393, 97.7974)
(393, 97.7974) & (394, 97.7947)
(394, 97.7947) & (397, 97.7868)
(397, 97.7868) & (397.596, 97.7853)
(397.596, 97.7853) & (398, 97.7842)
(398, 97.7842) & (400, 97.7789)
(400, 97.7789) & (401, 97.7763)
(401, 97.7763) & (401.706, 97.7745)
(401.706, 97.7745) & (403, 97.7711)
(403, 97.7711) & (404, 97.7684)
(404, 97.7684) & (405, 97.7658)
(405, 97.7658) & (406, 97.7632)
(406, 97.7632) & (407, 97.7605)
(407, 97.7605) & (410, 97.7526)
(410, 97.7526) & (411, 97.75)
(411, 97.75) & (412, 97.7474)
(412, 97.7474) & (412.934, 97.7449)
(412.934, 97.7449) & (413, 97.7447)
(413, 97.7447) & (414, 97.7421)
(414, 97.7421) & (415.351, 97.7386)
(415.351, 97.7386) & (416, 97.7368)
(416, 97.7368) & (418.185, 97.7311)
(418.185, 97.7311) & (420, 97.7263)
(420, 100) & (423, 99.7831)
(423, 99.7831) & (424, 99.7108)
(424, 99.7108) & (424.493, 99.6752)
(424.493, 99.6752) & (424.705, 99.6599)
(424.705, 99.6599) & (426.6, 99.5229)
(426.6, 99.5229) & (427, 99.494)
(427, 99.494) & (428, 99.4217)
(428, 99.4217) & (430, 99.2771)
(430, 99.2771) & (430.785, 99.2204)
(430.785, 99.2204) & (432, 99.1325)
(432, 99.1325) & (433, 99.0602)
(433, 99.0602) & (435, 98.9157)
(435, 98.9157) & (436.753, 98.7889)
(436.753, 98.7889) & (437, 98.7711)
(437, 98.7711) & (438.538, 98.6599)
(438.538, 98.6599) & (439, 98.6265)
(439, 98.6265) & (440, 98.5542)
(440, 98.5542) & (440.104, 98.5467)
(440.104, 98.5467) & (443, 98.3373)
(443, 98.3373) & (443.625, 98.2921)
(443.625, 98.2921) & (447, 98.0482)
(447, 99) & (450, 98.7913)
(450, 98.7913) & (450.781, 98.737)
(450.781, 98.737) & (451, 98.7217)
(451, 98.7217) & (454, 98.513)
(454, 98.513) & (455, 98.4435)
(455, 98.4435) & (456.466, 98.3415)
(456.466, 98.3415) & (458, 98.2348)
(458, 98.2348) & (458.32, 98.2125)
(458.32, 98.2125) & (459, 98.1652)
(459, 98.1652) & (460, 98.0956)
(460, 100) & (461, 99.9665)
(461, 99.9665) & (463, 99.8994)
(463, 99.8994) & (464.402, 99.8524)
(464.402, 99.8524) & (466, 99.7988)
(466, 99.7988) & (466.741, 99.7739)
(466.741, 99.7739) & (467, 99.7652)
(467, 99.7652) & (468, 99.7317)
(468, 99.7317) & (470.841, 99.6364)
(470.841, 99.6364) & (471, 99.6311)
(471, 99.6311) & (472, 99.5976)
(472, 99.5976) & (472.605, 99.5773)
(472.605, 99.5773) & (473.282, 99.5546)
(473.282, 99.5546) & (474, 99.5305)
(474, 99.5305) & (477, 99.4299)
(477, 99.4299) & (477, 99.4299)
(477, 99.4299) & (477.421, 99.4158)
(477.421, 99.4158) & (478, 99.3963)
(478, 99.3963) & (481.257, 99.2871)
(481.257, 99.2871) & (481.279, 99.2864)
(481.279, 99.2864) & (484.698, 99.1717)
(484.698, 99.1717) & (485.029, 99.1606)
(485.029, 99.1606) & (485.736, 99.1369)
(485.736, 99.1369) & (486, 99.128)
(486, 99.128) & (486, 99.128)
(486, 99.128) & (488, 99.061)
(488, 99.061) & (488.525, 99.0434)
(488.525, 99.0434) & (488.934, 99.0297)
(488.934, 99.0297) & (492, 98.9268)
(492, 98.9268) & (493, 98.8933)
(493, 98.8933) & (494, 98.8598)
(494, 98.8598) & (495.358, 98.8142)
(495.358, 98.8142) & (496, 98.7927)
(496, 98.7927) & (498.543, 98.7074)
(498.543, 98.7074) & (499.005, 98.6919)
(499.005, 98.6919) & (500, 98.6585)
(500, 98.6585) & (501, 98.625)
(501, 98.625) & (503, 98.5579)
(503, 98.5579) & (504, 98.5244)
(504, 98.5244) & (504, 98.5244)
(504, 98.5244) & (506, 98.4573)
(506, 98.4573) & (508, 98.3902)
(508, 98.3902) & (508.094, 98.3871)
(508.094, 98.3871) & (509, 98.3567)
(509, 98.3567) & (511, 98.2896)
(511, 98.2896) & (511.135, 98.2851)
(511.135, 98.2851) & (511.477, 98.2736)
(511.477, 98.2736) & (511.614, 98.2691)
(511.614, 98.2691) & (512.338, 98.2447)
(512.338, 98.2447) & (513, 98.2226)
(513, 98.2226) & (514, 98.189)
(514, 98.189) & (514, 98.189)
(514, 98.189) & (515, 98.1555)
(515, 98.1555) & (516.593, 98.1021)
(516.593, 98.1021) & (518, 98.0549)
(518, 98.0549) & (519, 98.0213)
(519, 98.0213) & (520.277, 97.9785)
(520.277, 97.9785) & (520.905, 97.9574)
(520.905, 97.9574) & (521.394, 97.941)
(521.394, 97.941) & (523, 97.8872)
(523, 97.8872) & (524.802, 97.8268)
(524.802, 97.8268) & (526.647, 97.7649)
(526.647, 97.7649) & (532, 97.5854)
(532, 97.5854) & (532, 97.5854)
(532, 97.5854) & (532.615, 97.5647)
(532.615, 97.5647) & (533, 97.5518)
(533, 97.5518) & (534.543, 97.5001)
(534.543, 97.5001) & (536.976, 97.4185)
(536.976, 97.4185) & (538, 97.4158)
(538, 97.4158) & (539, 97.4132)
(539, 97.4132) & (540, 97.4105)
(540, 97.4105) & (541, 97.4079)
(541, 97.4079) & (542, 97.4053)
(542, 97.4053) & (542.861, 97.403)
(542.861, 97.403) & (543, 97.4026)
(543, 97.4026) & (543, 97.4026)
(543, 97.4026) & (544.949, 97.3975)
(544.949, 97.3975) & (545, 97.3974)
(545, 97.3974) & (545.48, 97.3961)
(545.48, 97.3961) & (546, 97.3947)
(546, 97.3947) & (546.266, 97.394)
(546.266, 97.394) & (547, 97.3921)
(547, 97.3921) & (547.01, 97.3921)
(547.01, 97.3921) & (548, 97.3895)
(548, 97.3895) & (548.642, 97.3878)
(548.642, 97.3878) & (548.96, 97.387)
(548.96, 97.387) & (552, 97.379)
(552, 97.379) & (554, 97.3737)
(554, 97.3737) & (554.159, 97.3733)
(554.159, 97.3733) & (556, 97.3684)
(556, 97.3684) & (556.885, 97.3661)
(556.885, 97.3661) & (558, 97.3632)
(558, 100) & (559, 99.9575)
(559, 99.9575) & (559.065, 99.9547)
(559.065, 99.9547) & (560.822, 99.8799)
(560.822, 99.8799) & (560.973, 99.8735)
(560.973, 99.8735) & (562, 99.8298)
(562, 99.8298) & (563, 99.7872)
(563, 99.7872) & (563.902, 99.7488)
(563.902, 99.7488) & (564, 99.7447)
(564, 99.7447) & (565, 99.7021)
(565, 99.7021) & (566, 99.6596)
(566, 99.6596) & (567, 99.617)
(567, 99.617) & (568.276, 99.5627)
(568.276, 99.5627) & (572, 99.4043)
(572, 99.4043) & (572.868, 99.3673)
(572.868, 99.3673) & (573, 99.3617)
(573, 99.3617) & (574.869, 99.2822)
(574.869, 99.2822) & (575, 99.2766)
(575, 99.2766) & (576, 99.234)
(576, 99.234) & (576.104, 99.2296)
(576.104, 99.2296) & (577, 99.1915)
(577, 99.1915) & (578, 99.1489)
(578, 99.1489) & (578.673, 99.1203)
(578.673, 99.1203) & (579, 99.1064)
(579, 99.1064) & (580, 99.0638)
(580, 99.0638) & (580.339, 99.0494)
(580.339, 99.0494) & (581, 99.0213)
(581, 99.0213) & (581.927, 98.9818)
(581.927, 98.9818) & (582, 98.9787)
(582, 98.9787) & (585, 98.8511)
(585, 98.8511) & (586, 98.8085)
(586, 98.8085) & (586.791, 98.7748)
(586.791, 98.7748) & (587, 98.766)
(587, 98.766) & (588, 98.7234)
(588, 98.7234) & (590, 98.6383)
(590, 98.6383) & (591, 98.5957)
(591, 98.5957) & (594, 98.4681)
(594, 98.4681) & (594.529, 98.4456)
(594.529, 98.4456) & (595, 98.4255)
(595, 98.4255) & (595.53, 98.403)
(595.53, 98.403) & (599, 98.2553)
(599, 98.2553) & (599.681, 98.2263)
(599.681, 98.2263) & (600.637, 98.1857)
(600.637, 98.1857) & (602, 98.1277)
(602, 98.1277) & (603, 98.0851)
(603, 98.0851) & (603.188, 98.0771)
(603.188, 98.0771) & (604, 98.0425)
(604, 100) & (608.533, 99.4382)
(608.533, 99.4382) & (611.389, 99.0841)
(611.389, 99.0841) & (616, 98.5127)
(616, 98.5127) & (617, 98.3887)
(617, 98.3887) & (619, 98.1408)
(619, 98.1408) & (620, 98.0169)
(620, 100) & (622, 99.73)
(622, 99.73) & (626, 99.19)
(626, 99.19) & (628, 98.92)
(628, 98.92) & (629, 98.785)
(629, 98.785) & (630, 98.65)
(630, 98.65) & (631.229, 98.4842)
(631.229, 98.4842) & (633, 98.245)
(633, 98.245) & (634, 98.11)
(634, 98.11) & (635.812, 97.8654)
(635.812, 97.8654) & (636, 97.84)
(636, 97.84) & (636.288, 97.8011)
(636.288, 97.8011) & (636.353, 97.7924)
(636.353, 97.7924) & (636.395, 97.7866)
(636.395, 97.7866) & (636.544, 97.7666)
(636.544, 97.7666) & (638.686, 97.4774)
(638.686, 97.4774) & (638.697, 97.4759)
(638.697, 97.4759) & (639, 97.435)
(639, 97.435) & (641, 97.165)
(641, 97.165) & (641.153, 97.1443)
(641.153, 97.1443) & (642, 97.1421)
(642, 97.1421) & (644, 97.1368)
(644, 97.1368) & (644, 97.1368)
(644, 97.1368) & (645.55, 97.1328)
(645.55, 97.1328) & (646, 97.1316)
(646, 97.1316) & (646, 97.1316)
(646, 97.1316) & (647, 97.1289)
(647, 97.1289) & (647.568, 97.1274)
(647.568, 97.1274) & (648, 97.1263)
(648, 97.1263) & (648, 97.1263)
(648, 97.1263) & (648.539, 97.1249)
(648.539, 97.1249) & (649.475, 97.1224)
(649.475, 97.1224) & (650.604, 97.1195)
(650.604, 97.1195) & (651, 97.1184)
(651, 97.1184) & (651.643, 97.1167)
(651.643, 97.1167) & (652, 97.1158)
(652, 97.1158) & (652, 97.1158)
(652, 99) & (655, 98.9595)
(655, 98.9595) & (656, 98.9459)
(656, 98.9459) & (656.354, 98.9412)
(656.354, 98.9412) & (658, 98.9189)
(658, 98.9189) & (661, 98.8784)
(661, 98.8784) & (662, 98.8649)
(662, 98.8649) & (664.177, 98.8354)
(664.177, 98.8354) & (667, 98.7973)
(667, 98.7973) & (668, 98.7838)
(668, 98.7838) & (670, 98.7568)
(670, 98.7568) & (671, 98.7432)
(671, 98.7432) & (673, 98.7162)
(673, 98.7162) & (674, 98.7027)
(674, 98.7027) & (675, 98.6892)
(675, 98.6892) & (676.589, 98.6677)
(676.589, 98.6677) & (677, 98.6622)
(677, 98.6622) & (679.531, 98.628)
(679.531, 98.628) & (681, 98.6081)
(681, 98.6081) & (683, 98.5811)
(683, 98.5811) & (685.989, 98.5407)
(685.989, 98.5407) & (686.933, 98.5279)
(686.933, 98.5279) & (687.763, 98.5167)
(687.763, 98.5167) & (688, 98.5135)
(688, 98.5135) & (688.812, 98.5025)
(688.812, 98.5025) & (689, 98.5)
(689, 98.5) & (691, 98.473)
(691, 98.473) & (693, 98.4459)
(693, 98.4459) & (693.828, 98.4348)
(693.828, 98.4348) & (696, 98.4054)
(696, 98.4054) & (696.519, 98.3984)
(696.519, 98.3984) & (699, 98.3649)
(699, 98.3649) & (701, 98.3378)
(701, 98.3378) & (702.304, 98.3202)
(702.304, 98.3202) & (703, 98.3108)
(703, 98.3108) & (704.518, 98.2903)
(704.518, 98.2903) & (704.58, 98.2895)
(704.58, 98.2895) & (705, 98.2838)
(705, 98.2838) & (705.79, 98.2731)
(705.79, 98.2731) & (707, 98.2568)
(707, 98.2568) & (707.089, 98.2555)
(707.089, 98.2555) & (708, 98.2432)
(708, 98.2432) & (708.216, 98.2403)
(708.216, 98.2403) & (708.429, 98.2374)
(708.429, 98.2374) & (710.036, 98.2157)
(710.036, 98.2157) & (713, 98.1757)
(713, 98.1757) & (714, 98.1622)
(714, 98.1622) & (715.865, 98.137)
(715.865, 98.137) & (718, 98.1081)
(718, 98.1081) & (718.329, 98.1037)
(718.329, 98.1037) & (719, 98.0946)
(719, 98.0946) & (720.756, 98.0709)
(720.756, 98.0709) & (721, 98.0676)
(721, 98.0676) & (722, 98.0541)
(722, 98.0541) & (722.486, 98.0475)
(722.486, 98.0475) & (723, 98.0405)
(723, 98.0405) & (727, 97.9865)
(727, 97.9865) & (727.19, 97.9839)
(727.19, 97.9839) & (731.604, 97.9243)
(731.604, 97.9243) & (733.601, 97.8973)
(733.601, 97.8973) & (734, 97.8919)
(734, 97.8919) & (734.412, 97.8863)
(734.412, 97.8863) & (735, 97.8784)
(735, 97.8784) & (736, 97.8649)
(736, 97.8649) & (736.424, 97.8591)
(736.424, 97.8591) & (737, 97.8514)
(737, 97.8514) & (737.536, 97.8441)
(737.536, 97.8441) & (738, 98)
(738, 97.8378) & (740, 97.8108)
(740, 97.8108) & (741, 97.7973)
(741, 97.7973) & (742.207, 97.781)
(742.207, 97.781) & (743.692, 97.7609)
(743.692, 97.7609) & (744, 97.7568)
(744, 97.7568) & (744.08, 97.7557)
(744.08, 97.7557) & (746.071, 97.7288)
(746.071, 97.7288) & (747, 97.7162)
(747, 97.7162) & (748, 97.7027)
(748, 97.7027) & (749.274, 97.6855)
(749.274, 97.6855) & (750, 97.6757)
(750, 97.6757) & (751, 97.6622)
(751, 97.6622) & (752, 97.6487)
(752, 97.6487) & (753, 97.6351)
(753, 97.6351) & (754, 97.6216)
(754, 97.6216) & (755, 97.6081)
(755, 97.6081) & (756, 97.5946)
(756, 97.5946) & (760, 97.5405)
(760, 97.5405) & (760.157, 97.5384)
(760.157, 97.5384) & (762, 97.5135)
(762, 97.5135) & (762.556, 97.506)
(762.556, 97.506) & (763, 97.5)
(763, 97.5) & (763.641, 97.4913)
(763.641, 97.4913) & (765, 97.473)
(765, 97.473) & (766, 97.4595)
(766, 97.4595) & (766.155, 97.4574)
(766.155, 97.4574) & (767, 97.4459)
(767, 97.4459) & (767.855, 97.4344)
(767.855, 97.4344) & (768, 97.4324)
(768, 97.4324) & (769, 97.4189)
(769, 97.4189) & (771.154, 97.3898)
(771.154, 97.3898) & (773, 97.3649)
(773, 97.3649) & (774, 97.3513)
(774, 97.3513) & (777, 97.3108)
(777, 97.3108) & (778, 97.2973)
(778, 97.2973) & (779.95, 97.2709)
(779.95, 97.2709) & (780, 97.2703)
(780, 97.2703) & (780.896, 97.2582)
(780.896, 97.2582) & (781, 97.2568)
(781, 97.2568) & (781.478, 97.2503)
(781.478, 97.2503) & (783, 97.2297)
(783, 97.2297) & (785.254, 97.1993)
(785.254, 97.1993) & (786.146, 97.1872)
(786.146, 97.1872) & (787, 97.1757)
(787, 100) & (788, 98.425)
(788, 98.425) & (788.809, 97.1512)
(788.809, 97.1512) & (789, 97.1487)
(789, 97.1487) & (789.142, 97.1467)
(789.142, 97.1467) & (789.374, 97.1436)
(789.374, 97.1436) & (791, 97.1216)
(791, 97.1216) & (791.38, 97.1165)
(791.38, 97.1165) & (791.743, 97.1116)
(791.743, 97.1116) & (793, 97.0946)
(793, 97.0946) & (793.108, 97.0931)
(793.108, 97.0931) & (793.787, 97.084)
(793.787, 97.084) & (796, 97.0541)
(796, 97.0541) & (797.219, 97.0376)
(797.219, 97.0376) & (799, 97.5769)
(799, 97.5769) & (800, 97.8798)
(800, 97.8798) & (801, 98.1827)
(801, 98.1827) & (801.028, 98.1912)
(801.028, 98.1912) & (802, 98.4856)
(802, 98.4856) & (802.704, 98.6989)
(802.704, 98.6989) & (802.737, 98.7087)
(802.737, 98.7087) & (806, 99.6971)
(806, 99.6971) & (807, 100)
(807, 95.1663) & (809, 95.6022)
(809, 95.6022) & (811.883, 96.2306)
(811.883, 96.2306) & (814.514, 96.8042)
(814.514, 96.8042) & (814.949, 96.899)
(814.949, 96.899) & (816.461, 97.2286)
(816.461, 97.2286) & (818, 97.564)
(818, 97.564) & (818.738, 97.7249)
(818.738, 97.7249) & (819, 97.782)
(819, 97.782) & (820, 98)
(820, 93.3425) & (821, 93.375)
(821, 93.375) & (822.282, 93.4166)
(822.282, 93.4166) & (824, 93.4725)
(824, 93.4725) & (827, 93.57)
(827, 93.57) & (830, 93.6675)
(830, 93.6675) & (831, 93.7)
(831, 93.7) & (832.422, 93.7462)
(832.422, 93.7462) & (834, 93.7975)
(834, 93.7975) & (837, 93.895)
(837, 98) & (837.888, 97.8884)
(837.888, 97.8884) & (838.586, 97.8008)
(838.586, 97.8008) & (839, 97.7488)
(839, 97.7488) & (842.385, 97.3237)
(842.385, 97.3237) & (843, 97.2464)
(843, 97.2464) & (844, 97.1208)
(844, 97.1208) & (847, 96.7441)
(847, 96.7441) & (848.599, 96.5433)
(848.599, 96.5433) & (849, 96.4929)
(849, 96.4929) & (851.236, 96.2121)
(851.236, 96.2121) & (852, 96.1161)
(852, 96.1161) & (853.045, 95.9849)
(853.045, 95.9849) & (853.119, 95.9756)
(853.119, 95.9756) & (853.863, 95.8821)
(853.863, 95.8821) & (856.49, 95.5522)
(856.49, 95.5522) & (858, 95.3626)
(858, 95.3626) & (859, 95.237)
(859, 95.237) & (859.178, 95.2146)
(859.178, 95.2146) & (859.346, 95.3804)
(859.346, 95.3804) & (860, 96.026)
(860, 96.026) & (861, 97.013)
(861, 97.013) & (862, 98)
(862, 94.8602) & (862.966, 94.7389)
(862.966, 94.7389) & (863, 94.74)
(863, 94.74) & (864, 94.7725)
(864, 100) & (866.652, 98.9183)
(866.652, 98.9183) & (867, 98.7763)
(867, 98.7763) & (868, 98.3684)
(868, 98.3684) & (869, 97.9605)
(869, 97.9605) & (869.149, 97.8998)
(869.149, 97.8998) & (869.268, 97.8511)
(869.268, 97.8511) & (871, 97.1447)
(871, 97.1447) & (871.335, 97.008)
(871.335, 97.008) & (872, 96.7368)
(872, 96.7368) & (872.434, 96.56)
(872.434, 96.56) & (873, 96.3289)
(873, 96.3289) & (874, 95.9211)
(874, 96) & (874.611, 95.9243)
(874.611, 95.9243) & (875, 95.8762)
(875, 100) & (879, 99.6522)
(879, 99.6522) & (879.556, 99.6038)
(879.556, 99.6038) & (880, 99.5652)
(880, 99.5652) & (881, 99.4783)
(881, 99.4783) & (881.57, 99.4287)
(881.57, 99.4287) & (882, 99.3913)
(882, 99.3913) & (883, 99.3043)
(883, 99.3043) & (883.097, 99.2959)
(883.097, 99.2959) & (884, 99.2174)
(884, 99.2174) & (885, 99.1304)
(885, 99.1304) & (886, 99.0435)
(886, 99.0435) & (887, 98.9565)
(887, 98.9565) & (890, 98.6957)
(890, 98.6957) & (894, 98.3478)
(894, 98.3478) & (895.918, 98.181)
(895.918, 98.181) & (897, 98.087)
(897, 98.087) & (897.42, 98.0504)
(897.42, 98.0504) & (898, 98)
(898, 95.5575) & (899.234, 95.8799)
(899.234, 95.8799) & (900, 96.0801)
(900, 96.0801) & (900.381, 96.1796)
(900.381, 96.1796) & (904, 97.1254)
(904, 97.1254) & (906, 97.6481)
(906, 97.6481) & (910, 98.6934)
(910, 98.6934) & (914, 99.7387)
(914, 99.7387) & (915, 100)
(915, 99.2229) & (916.389, 99.5827)
(916.389, 99.5827) & (917.703, 99.9231)
(917.703, 99.9231) & (918, 100)
(918, 90.8557) & (919, 90.8076)
(919, 100) & (920.985, 99.7027)
(920.985, 99.7027) & (921.43, 99.6361)
(921.43, 99.6361) & (922, 99.5507)
(922, 99.5507) & (922.011, 99.549)
(922.011, 99.549) & (923, 99.401)
(923, 99.401) & (924, 99.2512)
(924, 99.2512) & (924.231, 99.2166)
(924.231, 99.2166) & (926.896, 98.8175)
(926.896, 98.8175) & (928, 98.6522)
(928, 98.6522) & (931.494, 98.129)
(931.494, 98.129) & (932.128, 98.034)
(932.128, 98.034) & (933, 97.9034)
(933, 97.9034) & (934, 97.7536)
(934, 97.7536) & (936, 97.4541)
(936, 97.4541) & (937, 97.3044)
(937, 97.3044) & (937.522, 97.2262)
(937.522, 97.2262) & (938, 97.1546)
(938, 97.1546) & (939, 97.0048)
(939, 97.0048) & (940, 96.8551)
(940, 96.8551) & (942.242, 96.5193)
(942.242, 96.5193) & (942.335, 96.5054)
(942.335, 96.5054) & (943.69, 96.3024)
(943.69, 96.3024) & (944, 96.256)
(944, 96.256) & (945, 96.1063)
(945, 96.1063) & (946.11, 95.94)
(946.11, 95.94) & (947, 95.8068)
(947, 95.8068) & (947.552, 95.7241)
(947.552, 95.7241) & (949.536, 95.427)
(949.536, 95.427) & (950, 95.3575)
(950, 95.3575) & (950.355, 95.3044)
(950.355, 95.3044) & (951, 95.2077)
(951, 95.2077) & (955, 94.6087)
(955, 94.6087) & (956, 94.4589)
(956, 94.4589) & (956, 94.4589)
(956, 94.4589) & (956.374, 94.4029)
(956.374, 94.4029) & (959, 94.0097)
(959, 94.0097) & (959, 94.0097)
(959, 94.0097) & (960.979, 93.7134)
(960.979, 93.7134) & (960.979, 93.7132)
(960.979, 93.7132) & (965, 93.1111)
(965, 93.1111) & (966.984, 92.8141)
(966.984, 92.814) & (967, 92.8191)
(967, 92.8191) & (968, 93.1238)
(968, 93.1238) & (972, 94.3429)
(972, 94.3429) & (973, 94.6476)
(973, 94.6476) & (975.222, 95.3249)
(975.222, 95.3249) & (975.855, 95.5178)
(975.855, 95.5178) & (976.145, 95.6061)
(976.145, 95.6061) & (976.766, 95.7953)
(976.766, 95.7953) & (977, 95.8667)
(977, 95.8667) & (979.951, 96.7661)
(979.951, 96.7661) & (980, 96.781)
(980, 96.781) & (980, 96.781)
(980, 96.781) & (981, 97.0857)
(981, 97.0857) & (981.992, 97.3882)
(981.992, 97.3882) & (982, 97.3905)
(982, 97.3905) & (984, 98)
(984, 98) & (984, 98)
(984, 95.2789) & (984.058, 95.2879)
(984.058, 95.2879) & (985.586, 95.5271)
(985.586, 95.5271) & (986, 95.5918)
(986, 95.5918) & (986.407, 95.6556)
(986.407, 95.6556) & (986.93, 95.7373)
(986.93, 95.7373) & (988, 95.9048)
(988, 95.9048) & (988, 95.9048)
(988, 95.9048) & (988.71, 96.0159)
(988.71, 96.0159) & (990, 96.2177)
(990, 96.2177) & (992.943, 96.6781)
(992.943, 96.6781) & (993, 96.6871)
(993, 96.6871) & (994, 96.8435)
(994, 96.8435) & (995, 97)
(995, 90.6667) & (996, 90.8333)
(996, 90.8333) & (1001, 91.6667)
(1001, 91.6667) & (1002, 91.8333)
(1002, 91.8333) & (1002, 91.8333)
(1002, 91.8333) & (1004, 92.1667)
(1004, 92.1667) & (1005.5, 92.4166)
(1005.5, 92.4166) & (1005.88, 92.4804)
(1005.88, 92.4804) & (1006, 92.5)
(1006, 92.5) & (1006.66, 92.6108)
(1006.66, 92.6108) & (1006.69, 92.6142)
(1006.69, 92.6142) & (1008, 92.8333)
(1008, 92.8333) & (1009.14, 93.023)
(1009.14, 93.023) & (1009.43, 93.0723)
(1009.43, 93.0723) & (1009.88, 93.146)
(1009.88, 93.146) & (1009.92, 93.1535)
(1009.92, 93.1535) & (1010, 93.1667)
(1010, 93.1667) & (1011, 93.3333)
(1011, 93.3333) & (1011, 93.3333)
(1011, 93.3333) & (1012, 93.5)
(1012, 93.5) & (1013, 93.6667)
(1013, 93.6667) & (1014, 93.8333)
(1014, 93.8333) & (1017.09, 94.3486)
(1017.09, 94.3486) & (1018, 94.5)
(1018, 94.5) & (1018.72, 94.6208)
(1018.72, 94.6208) & (1019, 94.6667)
(1019, 94.6667) & (1020, 94.8333)
(1020, 94.8333) & (1020, 94.8333)
(1020, 94.8333) & (1021.69, 95.1145)
(1021.69, 95.1145) & (1022.39, 95.2316)
(1022.39, 95.2316) & (1022.69, 95.2811)
(1022.69, 95.2811) & (1023, 95.3333)
(1023, 95.3333) & (1024, 95.5)
(1024, 95.5) & (1024.7, 95.6161)
(1024.7, 95.6161) & (1025, 95.6667)
(1025, 95.6667) & (1026, 95.8333)
(1026, 95.8333) & (1027.59, 96.0981)
(1027.59, 96.0981) & (1030, 96.5)
(1030, 96.5) & (1030.97, 96.6621)
(1030.97, 96.6621) & (1034, 97.1667)
(1034, 97.1667) & (1036, 97.5)
(1036, 97.5) & (1038, 97.8333)
(1038, 97.8333) & (1038, 97.8333)
(1038, 97.8333) & (1039, 98)
(1039, 94.3185) & (1040, 94.2759)
(1040, 94.2759) & (1042.63, 94.1639)
(1042.63, 94.1639) & (1043, 94.1481)
(1043, 94.1481) & (1045, 94.0629)
(1045, 94.0629) & (1045.77, 94.0299)
(1045.77, 94.0299) & (1046.54, 93.9973)
(1046.54, 93.9973) & (1046.59, 93.9951)
(1046.59, 93.9951) & (1048, 93.9351)
(1048, 93.9351) & (1048.97, 93.8939)
(1048.97, 93.8939) & (1049, 93.8925)
(1049, 93.8925) & (1049.04, 93.8907)
(1049.04, 93.8907) & (1051, 93.8073)
(1051, 93.8073) & (1052.04, 93.7632)
(1052.04, 93.7632) & (1052.96, 93.7238)
(1052.96, 93.7238) & (1053, 93.7221)
(1053, 93.7221) & (1054, 93.6795)
(1054, 93.6795) & (1056, 93.5943)
(1056, 93.5943) & (1057, 93.5517)
(1057, 98) & (1058.59, 97.7264)
(1058.59, 97.7264) & (1059, 97.6562)
(1059, 97.6562) & (1060, 97.4844)
(1060, 97.4844) & (1061.5, 97.2266)
(1061.5, 97.2266) & (1062.88, 96.9902)
(1062.88, 96.9902) & (1063, 96.9688)
(1063, 96.9688) & (1063.03, 96.9632)
(1063.03, 96.9632) & (1065, 96.625)
(1065, 96.625) & (1066.02, 96.4493)
(1066.02, 96.4493) & (1066.43, 96.3791)
(1066.43, 96.3791) & (1066.67, 96.3379)
(1066.67, 96.3379) & (1067.27, 96.2341)
(1067.27, 96.2341) & (1068, 96.1094)
(1068, 96.1094) & (1070, 95.7656)
(1070, 95.7656) & (1071, 95.5938)
(1071, 95.5938) & (1073, 95.25)
(1073, 95.25) & (1074.39, 95.0105)
(1074.39, 95.0106) & (1075, 95.1176)
(1075, 95.1176) & (1076, 95.2941)
(1076, 95.2941) & (1076.17, 95.3244)
(1076.17, 95.3244) & (1077, 95.4706)
(1077, 95.4706) & (1077.13, 95.4928)
(1077.13, 95.4928) & (1077.17, 95.5005)
(1077.17, 95.5005) & (1077.17, 95.5011)
(1077.17, 95.5011) & (1078.22, 95.6865)
(1078.22, 95.6865) & (1079, 95.8235)
(1079, 95.8235) & (1079.89, 95.9805)
(1079.89, 95.9805) & (1081, 96.1765)
(1081, 96.1765) & (1082.05, 96.3624)
(1082.05, 96.3624) & (1083, 96.5294)
(1083, 96.5294) & (1083, 96.5294)
(1083, 96.5294) & (1086, 97.0588)
(1086, 97.0588) & (1088, 97.4118)
(1088, 97.4118) & (1088, 97.4118)
(1088, 97.4118) & (1089, 97.5882)
(1089, 97.5882) & (1090, 97.7647)
(1090, 97.7647) & (1090.69, 97.8857)
(1090.69, 97.8857) & (1091, 97.9412)
(1091, 97.9412) & (1091.41, 98.0133)
(1091.41, 98.0133) & (1091.49, 98.0281)
(1091.49, 98.0281) & (1092, 98.1176)
(1092, 98.1176) & (1092, 98.1176)
(1092, 98.1176) & (1093.44, 98.3721)
(1093.44, 98.3721) & (1094, 98.4706)
(1094, 98.4706) & (1095, 98.6471)
(1095, 98.6471) & (1096, 98.8235)
(1096, 98.8235) & (1097, 99)
(1097, 95.4661) & (1097.4, 95.49)
(1097.4, 95.49) & (1099, 95.5847)
(1099, 95.5847) & (1100, 95.6441)
(1100, 95.6441) & (1101, 95.7034)
(1101, 95.7034) & (1102, 95.7627)
(1102, 95.7627) & (1102.95, 95.8193)
(1102.95, 95.8193) & (1103, 95.822)
(1103, 95.822) & (1105, 95.9407)
(1105, 95.9407) & (1105.67, 95.9805)
(1105.67, 95.9805) & (1106, 96)
(1106, 93.6025) & (1107, 93.57)
(1107, 93.57) & (1109, 93.505)
(1109, 93.505) & (1109.23, 93.4975)
(1109.23, 93.4975) & (1110.62, 93.4524)
(1110.62, 93.4523) & (1111, 93.5435)
(1111, 93.5435) & (1112, 93.7826)
(1112, 93.7826) & (1115, 94.5)
(1115, 94.5) & (1116, 94.7391)
(1116, 94.7391) & (1116.44, 94.8445)
(1116.44, 94.8445) & (1117, 94.9783)
(1117, 94.9783) & (1121, 95.9348)
(1121, 95.9348) & (1121, 95.9348)
(1121, 95.9348) & (1121.28, 96.0026)
(1121.28, 96.0026) & (1123, 96.413)
(1123, 96.413) & (1124, 96.6522)
(1124, 96.6522) & (1125, 96.8913)
(1125, 96.8913) & (1125.79, 97.0798)
(1125.79, 97.0798) & (1126, 97.1304)
(1126, 97.1304) & (1126.13, 97.1604)
(1126.13, 97.1604) & (1127, 97.3696)
(1127, 97.3696) & (1129, 97.8478)
(1129, 97.8478) & (1129, 97.8478)
(1129, 97.8478) & (1133, 98.8043)
(1133, 98.8043) & (1134, 99.0435)
(1134, 99.0435) & (1136, 99.5217)
(1136, 99.5217) & (1137, 99.7609)
(1137, 99.7609) & (1137, 99.7609)
(1137, 99.7609) & (1138, 100)
(1138, 94.1972) & (1140, 94.4948)
(1140, 94.4948) & (1141, 94.6436)
(1141, 94.6436) & (1141.63, 94.7367)
(1141.63, 94.7367) & (1142, 94.7924)
(1142, 94.7924) & (1144, 95.09)
(1144, 95.09) & (1146, 95.3875)
(1146, 95.3875) & (1148.41, 95.7467)
(1148.41, 95.7467) & (1148.63, 95.7792)
(1148.63, 95.7792) & (1150, 95.9827)
(1150, 95.9827) & (1152.1, 96.2945)
(1152.1, 96.2945) & (1154, 96.5779)
(1154, 96.5779) & (1158, 97.173)
(1158, 97.173) & (1159, 97.3218)
(1159, 97.3218) & (1159, 97.3218)
(1159, 97.3218) & (1159.38, 97.3784)
(1159.38, 97.3784) & (1162.83, 97.891)
(1162.83, 97.891) & (1163, 97.917)
(1163, 97.917) & (1163, 97.917)
(1163, 97.917) & (1164, 98.0657)
(1164, 98.0657) & (1165, 98.2145)
(1165, 98.2145) & (1166, 98.3633)
(1166, 98.3633) & (1167.81, 98.6332)
(1167.81, 98.6332) & (1168, 98.6609)
(1168, 98.6609) & (1169, 98.8097)
(1169, 98.8097) & (1170, 98.9585)
(1170, 98.9585) & (1172, 99.2561)
(1172, 99.2561) & (1174, 99.5536)
(1174, 99.5536) & (1174, 99.5536)
(1174, 99.5536) & (1175.3, 99.7474)
(1175.3, 99.7474) & (1177, 100)
(1177, 92.8462) & (1177.27, 92.7437)
(1177.27, 92.7437) & (1178, 92.7796)
(1178, 92.7796) & (1185, 93.1224)
(1185, 100) & (1191, 95.0213)
(1191, 95.0213) & (1192.67, 93.6388)
(1192.67, 93.6388) & (1192.83, 93.5058)
(1192.83, 93.5058) & (1196, 93.6612)
(1196, 93.6612) & (1197, 93.7102)
(1197, 93.7102) & (1197.49, 93.7343)
(1197.49, 93.7343) & (1197.95, 93.7569)
(1197.95, 93.7569) & (1200.78, 93.8952)
(1200.78, 93.8952) & (1201, 93.9061)
(1201, 93.9061) & (1203, 94.0041)
(1203, 97) & (1204.13, 96.9889)
(1204.13, 96.9889) & (1206, 96.9704)
(1206, 96.9704) & (1207, 96.9605)
(1207, 96.9605) & (1207.11, 96.9594)
(1207.11, 96.9594) & (1207.98, 96.9508)
(1207.98, 96.9508) & (1209, 96.9408)
(1209, 96.9408) & (1209.31, 96.9378)
(1209.31, 96.9378) & (1211.2, 96.9191)
(1211.2, 96.9191) & (1211.52, 96.9159)
(1211.52, 96.9159) & (1213, 96.9013)
(1213, 96.9013) & (1213.63, 96.8951)
(1213.63, 96.8951) & (1214, 97.075)
(1214, 97.075) & (1219, 99.5125)
(1219, 99.5125) & (1220, 100)
(1220, 96.8322) & (1220.51, 96.8272)
(1220.51, 96.8272) & (1223, 96.8026)
(1223, 96.8026) & (1225, 96.7829)
(1225, 96.7829) & (1227, 96.7632)
(1227, 96.7632) & (1227.92, 96.7541)
(1227.92, 96.7541) & (1228, 96.7533)
(1228, 96.7533) & (1229, 96.7434)
(1229, 96.7434) & (1230, 96.7336)
(1230, 96.7336) & (1232, 96.7138)
(1232, 96.7138) & (1232.14, 96.7124)
(1232.14, 96.7124) & (1233, 96.7039)
(1233, 96.7039) & (1234, 96.6941)
(1234, 96.6941) & (1235, 96.6842)
(1235, 99) & (1238, 98.1379)
(1238, 98.1379) & (1240.86, 97.3158)
(1240.86, 97.3158) & (1242, 96.9885)
(1242, 96.9885) & (1243.06, 96.6833)
(1243.06, 96.6833) & (1243.35, 96.6018)
(1243.35, 96.6018) & (1248.24, 96.5536)
(1248.24, 96.5536) & (1249, 96.546)
(1249, 96.546) & (1250, 96.5362)
(1250, 96.5362) & (1251.25, 96.5238)
(1251.25, 96.5238) & (1252, 96.5164)
(1252, 96.5164) & (1253.91, 96.4976)
(1253.91, 96.4976) & (1259, 96.7469)
(1259, 96.7469) & (1268.26, 97.2003)
(1268.26, 97.2003) & (1270, 97.2857)
(1270, 97.2857) & (1272, 97.3837)
(1272, 97.3837) & (1274.28, 97.4952)
(1274.28, 97.4952) & (1275, 97.5306)
(1275, 97.5306) & (1276, 97.5796)
(1276, 97.5796) & (1278, 97.6776)
(1278, 97.6776) & (1278.76, 97.7147)
(1278.76, 97.7147) & (1280, 97.7755)
(1280, 97.7755) & (1281.25, 97.837)
(1281.25, 97.837) & (1281.62, 97.855)
(1281.62, 97.855) & (1283, 97.9225)
(1283, 97.9225) & (1284, 97.9714)
(1284, 97.9714) & (1288, 98.1674)
(1288, 100) & (1290, 99.514)
(1290, 99.514) & (1291, 99.271)
(1291, 99.271) & (1292, 99.028)
(1292, 99.028) & (1294, 98.5421)
(1294, 98.5421) & (1294.28, 98.4748)
(1294.28, 98.4748) & (1295, 98.5102)
(1295, 98.5102) & (1297, 98.6082)
(1297, 98.6082) & (1298.16, 98.6647)
(1298.16, 98.6647) & (1300, 98.7551)
(1300, 98.7551) & (1301, 98.8041)
(1301, 98.8041) & (1302, 98.8531)
(1302, 98.8531) & (1303, 98.902)
(1303, 98.902) & (1304.77, 98.9887)
(1304.77, 98.9887) & (1304.83, 98.9919)
(1304.83, 98.9919) & (1305, 99)
(1305, 95.9934) & (1305.74, 95.9861)
(1305.74, 95.9861) & (1306, 95.9835)
(1306, 95.9835) & (1308, 95.9638)
(1308, 95.9638) & (1309.01, 95.9539)
(1309.01, 95.9539) & (1310.94, 95.9348)
(1310.94, 95.9348) & (1312, 95.9243)
(1312, 95.9243) & (1314, 95.9046)
(1314, 95.9046) & (1316, 95.8849)
(1316, 95.8849) & (1317, 95.875)
(1317, 95.875) & (1318.11, 95.864)
(1318.11, 95.864) & (1318.84, 95.8569)
(1318.84, 95.8569) & (1321, 95.8846)
(1321, 95.8846) & (1321.23, 95.8875)
(1321.23, 95.8875) & (1322, 95.8974)
(1322, 95.8974) & (1323, 95.9103)
(1323, 95.9103) & (1325.96, 95.9482)
(1325.96, 95.9482) & (1326, 95.9487)
(1326, 95.9487) & (1328, 95.9744)
(1328, 95.9744) & (1328.53, 95.9812)
(1328.53, 95.9812) & (1329.6, 95.9949)
(1329.6, 95.9949) & (1333, 96.0385)
(1333, 96.0385) & (1334, 96.0513)
(1334, 96.0513) & (1336.23, 96.0799)
(1336.23, 96.0799) & (1340, 96.1282)
(1340, 96.1282) & (1341, 96.141)
(1341, 96.141) & (1344, 96.1795)
(1344, 96.1795) & (1346, 96.2051)
(1346, 96.2051) & (1346.77, 96.215)
(1346.77, 96.215) & (1350, 96.2564)
(1350, 96.2564) & (1350.3, 96.2603)
(1350.3, 96.2603) & (1351, 96.2692)
(1351, 96.2692) & (1352, 96.2821)
(1352, 96.2821) & (1355, 96.3205)
(1355, 96.3205) & (1355.18, 96.3228)
(1355.18, 96.3228) & (1355.8, 96.3307)
(1355.8, 96.3307) & (1356, 96.3333)
(1356, 96.3333) & (1358, 96.359)
(1358, 96.359) & (1359, 96.3718)
(1359, 96.3718) & (1360, 96.3846)
(1360, 96.3846) & (1362, 96.4103)
(1362, 96.4103) & (1364, 96.4359)
(1364, 96.4359) & (1365.74, 96.4582)
(1365.74, 96.4582) & (1366, 96.4615)
(1366, 96.4615) & (1367, 96.4744)
(1367, 96.4744) & (1367.12, 96.4758)
(1367.12, 96.4758) & (1370, 96.5128)
(1370, 96.5128) & (1372, 96.5385)
(1372, 99) & (1373, 98.8388)
(1373, 98.8388) & (1374, 98.6776)
(1374, 98.6776) & (1376, 98.3553)
(1376, 98.3553) & (1379, 97.8717)
(1379, 97.8717) & (1380, 97.7105)
(1380, 97.7105) & (1383, 97.227)
(1383, 99) & (1393, 98.2377)
(1393, 98.2377) & (1393.53, 98.1975)
(1393.53, 98.1975) & (1395, 98.0851)
(1395, 98.0851) & (1396, 98.009)
(1396, 98.009) & (1398, 97.8565)
(1398, 97.8565) & (1399, 97.7803)
(1399, 97.7803) & (1401, 97.6278)
(1401, 97.6278) & (1401.45, 97.5937)
(1401.45, 97.5937) & (1401.74, 97.5716)
(1401.74, 97.5716) & (1402, 97.5516)
(1402, 97.5516) & (1403, 97.4753)
(1403, 97.4753) & (1406, 97.2466)
(1406, 97.2466) & (1408, 97.0942)
(1408, 97.0942) & (1409.06, 97.0136)
(1409.06, 97.0136) & (1410, 97.0256)
(1410, 97.0256) & (1413, 97.0641)
(1413, 97.0641) & (1414, 97.0769)
(1414, 97.0769) & (1414.86, 97.088)
(1414.86, 97.088) & (1414.88, 97.0882)
(1414.88, 97.0882) & (1415.17, 97.1313)
(1415.17, 97.1313) & (1420, 97.8676)
(1420, 97.8676) & (1421, 98.0199)
(1421, 98.0199) & (1421.98, 98.1693)
(1421.98, 98.1693) & (1422, 98.1722)
(1422, 98.1722) & (1423, 98.3245)
(1423, 98.3245) & (1424, 98.4768)
(1424, 100) & (1425.59, 99.7086)
(1425.59, 99.7086) & (1425.94, 99.6447)
(1425.94, 99.6447) & (1428.54, 99.1685)
(1428.54, 99.1684) & (1431, 99.543)
(1431, 99.543) & (1432, 99.6954)
(1432, 99.6954) & (1432.74, 99.8079)
(1432.74, 99.8079) & (1434, 100)
(1434, 98.1687) & (1436, 97.8024)
(1436, 97.8024) & (1437.93, 97.4497)
(1437.93, 97.4497) & (1438.26, 97.388)
(1438.26, 97.388) & (1439, 97.3974)
(1439, 97.3974) & (1441, 97.4231)
(1441, 97.4231) & (1444, 97.4615)
(1444, 98) & (1445, 97.9965)
(1445, 97.9965) & (1446.76, 97.9903)
(1446.76, 97.9903) & (1447, 97.9895)
(1447, 97.9895) & (1448, 97.986)
(1448, 99) & (1449, 98.6866)
(1449, 98.6866) & (1449.34, 98.5808)
(1449.34, 98.5808) & (1451, 98.0599)
(1451, 98.0599) & (1451.27, 97.9746)
(1451.27, 97.9746) & (1454, 97.9651)
(1454, 97.9651) & (1454.86, 97.9621)
(1454.86, 97.9621) & (1456.74, 97.9555)
(1456.74, 97.9555) & (1460, 97.9441)
(1460, 97.9441) & (1460.72, 97.9415)
(1460.72, 97.9415) & (1461, 97.9406)
(1461, 97.9406) & (1463, 97.9336)
(1463, 97.9336) & (1465, 97.9266)
(1465, 97.9266) & (1466, 97.9231)
(1466, 97.9231) & (1466.06, 97.9229)
(1466.06, 97.9229) & (1468.35, 97.9148)
(1468.35, 97.9148) & (1469.29, 97.9116)
(1469.29, 97.9116) & (1471.29, 97.9046)
(1471.29, 97.9046) & (1471.7, 97.9032)
(1471.7, 97.9032) & (1472, 97.9021)
(1472, 97.9021) & (1473, 97.8986)
(1473, 97.8986) & (1475, 97.8916)
(1475, 97.8916) & (1477, 97.8846)
(1477, 97.8846) & (1477, 97.8846)
(1477, 97.8846) & (1478, 97.8974)
(1478, 97.8974) & (1478.54, 97.9044)
(1478.54, 97.9044) & (1480, 97.9231)
(1480, 97.9231) & (1485, 97.9872)
(1485, 97.9872) & (1485.05, 97.9878)
(1485.05, 97.9878) & (1486, 98)
(1486, 97.9222) & (1487, 97.982)
(1487, 97.982) & (1487.24, 97.9966)
(1487.24, 97.9966) & (1488.08, 98.0466)
(1488.08, 98.0466) & (1488.61, 98.0782)
(1488.61, 98.0782) & (1488.69, 98.0831)
(1488.69, 98.083) & (1489, 99)
(1489, 98.1018) & (1491.66, 98.261)
(1491.66, 98.261) & (1491.96, 98.2788)
(1491.96, 98.2788) & (1492.23, 98.2954)
(1492.23, 98.2954) & (1493.63, 98.3792)
(1493.63, 98.3792) & (1495.05, 98.4639)
(1495.05, 98.4639) & (1496, 98.521)
(1496, 98.521) & (1497.14, 98.5894)
(1497.14, 98.5894) & (1498.16, 98.65)
(1498.16, 98.65) & (1502, 98.8802)
(1502, 98.8802) & (1504, 99)
(1504, 97.7902) & (1505, 97.7867)
(1505, 97.7867) & (1507, 97.7797)
(1507, 97.7797) & (1509, 97.7727)
(1509, 97.7727) & (1510, 97.7692)
(1510, 97.7692) & (1512, 97.7622)
(1512, 97.7622) & (1513, 97.7587)
(1513, 97.7587) & (1514, 97.7552)
(1514, 97.7552) & (1515.49, 97.75)
(1515.49, 97.7501) & (1516, 97.9302)
(1516, 97.9302) & (1517, 98.2868)
(1517, 98.2868) & (1518, 98.6434)
(1518, 98.6434) & (1519, 99)
(1519, 97.7378) & (1519.1, 97.7374)
(1519.1, 97.7374) & (1520, 97.7343)
(1520, 97.7343) & (1521, 97.7308)
(1521, 97.7308) & (1521.98, 97.7273)
(1521.98, 97.7273) & (1522.61, 97.8967)
(1522.61, 97.8967) & (1523, 98)
(1523, 97.7238) & (1528.93, 97.703)
(1528.93, 97.703) & (1530, 97.6993)
(1530, 97.6993) & (1531, 97.6958)
(1531, 97.6958) & (1532, 97.6923)
(1532, 97.6923) & (1533.21, 97.6881)
(1533.21, 97.6881) & (1535, 97.6818)
(1535, 97.6818) & (1537, 97.6748)
(1537, 97.6748) & (1538.69, 97.6689)
(1538.69, 97.6689) & (1541, 97.6609)
(1541, 97.6609) & (1541.24, 97.66)
(1541.24, 97.66) & (1542, 97.6573)
(1542, 97.6573) & (1542.87, 97.6543)
(1542.87, 97.6543) & (1544.73, 97.6478)
(1544.73, 97.6478) & (1546, 97.6434)
(1546, 97.6434) & (1546.46, 97.6418)
(1546.46, 97.6418) & (1548, 97.6364)
(1548, 97.6364) & (1549, 97.6329)
(1549, 97.6329) & (1551.35, 97.6247)
(1551.35, 97.6247) & (1552, 97.6224)
(1552, 97.6224) & (1555.33, 97.6107)
(1555.33, 97.6107) & (1560, 97.5944)
(1560, 97.5944) & (1561.32, 97.5898)
(1561.32, 97.5898) & (1562, 97.5874)
(1562, 97.5874) & (1564, 97.5804)
(1564, 97.5804) & (1565.68, 97.5746)
(1565.68, 97.5746) & (1566, 97.5734)
(1566, 97.5734) & (1566.46, 97.5718)
(1566.46, 97.5718) & (1570.58, 97.5574)
(1570.58, 97.5574) & (1571, 97.556)
(1571, 97.556) & (1572, 97.5525)
(1572, 97.5525) & (1576, 97.5385)
(1576, 97.5385) & (1578, 97.5315)
(1578, 97.5315) & (1579, 97.528)
(1579, 97.528) & (1579.21, 97.5272)
(1579.21, 97.5272) & (1579.58, 97.526)
(1579.58, 97.526) & (1581, 97.521)
(1581, 97.521) & (1581.03, 97.5209)
(1581.03, 97.5209) & (1583, 97.514)
(1583, 97.514) & (1583.88, 97.5109)
(1583.88, 97.5109) & (1586, 97.5035)
(1586, 97.5035) & (1586.82, 97.5006)
(1586.82, 97.5006) & (1588.58, 97.4945)
(1588.58, 97.4945) & (1590.51, 97.4877)
(1590.51, 97.4877) & (1592, 97.4825)
(1592, 97.4825) & (1594.81, 97.4727)
(1594.81, 97.4727) & (1597, 97.465)
(1597, 97.465) & (1597.69, 97.4626)
(1597.69, 97.4626) & (1598, 97.4615)
(1598, 97.4615) & (1599, 97.458)
(1599, 97.458) & (1599.11, 97.4577)
(1599.11, 97.4577) & (1599.23, 97.4572)
(1599.23, 97.4572) & (1600, 97.4546)
(1600, 97.4546) & (1601.25, 97.4502)
(1601.25, 97.4502) & (1603, 97.4441)
(1603, 97.4441) & (1604, 97.4406)
(1604, 97.4406) & (1606, 97.4336)
(1606, 97.4336) & (1606.8, 97.4308)
(1606.8, 97.4308) & (1607.96, 97.4267)
(1607.96, 97.4267) & (1609, 97.4231)
(1609, 97.4231) & (1610.07, 97.4193)
(1610.07, 97.4193) & (1611, 97.4161)
(1611, 97.4161) & (1614, 97.4056)
(1614, 97.4056) & (1614.34, 97.4044)
(1614.34, 97.4044) & (1619.11, 97.3877)
(1619.11, 97.3877) & (1620.24, 97.3838)
(1620.24, 97.3838) & (1620.82, 97.3818)
(1620.82, 97.3818) & (1621, 97.3811)
(1621, 97.3811) & (1621.23, 97.3803)
(1621.23, 97.3803) & (1624, 97.3706)
(1624, 97.3706) & (1626, 97.3636)
(1626, 97.3636) & (1627, 97.3601)
(1627, 97.3601) & (1629.08, 97.3529)
(1629.08, 97.3529) & (1630, 97.3497)
(1630, 97.3497) & (1631, 97.3462)
(1631, 97.3462) & (1632, 97.3427)
(1632, 97.3427) & (1632.69, 97.3402)
(1632.69, 97.3402) & (1633, 97.3392)
(1633, 97.3392) & (1633.5, 97.3374)
(1633.5, 97.3374) & (1635.88, 97.3291)
(1635.88, 97.3291) & (1637, 97.3252)
(1637, 97.3252) & (1637.58, 97.3232)
(1637.58, 97.3232) & (1638, 97.3217)
(1638, 97.3217) & (1639.75, 97.3156)
(1639.75, 97.3156) & (1640.19, 97.314)
(1640.19, 97.314) & (1641.74, 97.3086)
(1641.74, 97.3086) & (1642, 97.3077)
(1642, 97.3077) & (1644, 97.3007)
(1644, 97.3007) & (1648, 97.2867)
(1648, 97.2867) & (1649, 97.2832)
(1649, 97.2832) & (1650.59, 97.2777)
(1650.59, 97.2777) & (1652.95, 97.2694)
(1652.95, 97.2694) & (1654.19, 97.2651)
(1654.19, 97.2651) & (1655, 97.2622)
(1655, 97.2622) & (1656, 97.2587)
(1656, 97.2587) & (1657, 97.2552)
(1657, 97.2552) & (1657.21, 97.2545)
(1657.21, 97.2545) & (1659, 97.2483)
(1659, 97.2483) & (1659.48, 97.2466)
(1659.48, 97.2466) & (1660, 97.2448)
(1660, 97.2448) & (1661, 97.2413)
(1661, 97.2413) & (1664.09, 97.2305)
(1664.09, 97.2305) & (1665, 97.2273)
(1665, 97.2273) & (1665.99, 97.2238)
(1665.99, 97.2238) & (1667, 97.2203)
(1667, 99) & (1668.17, 97.3719)
(1668.17, 97.3719) & (1668.28, 97.216)
(1668.28, 97.2158) & (1669, 97.2133)
(1669, 97.2133) & (1669.51, 97.2115)
(1669.51, 97.2115) & (1671, 97.2063)
(1671, 97.2063) & (1671.42, 97.2048)
(1671.42, 97.2048) & (1673, 97.1993)
(1673, 97.1993) & (1673.45, 97.1977)
(1673.45, 97.1977) & (1675, 97.1923)
(1675, 97.1923) & (1675.87, 97.1893)
(1675.87, 97.1893) & (1676, 97.1888)
(1676, 97.1888) & (1677, 97.1853)
(1677, 97.1853) & (1678.37, 97.1805)
(1678.37, 97.1805) & (1679, 97.1783)
(1679, 97.1783) & (1679.39, 97.177)
(1679.39, 97.177) & (1679.59, 97.1763)
(1679.59, 97.1763) & (1680, 97.1748)
(1680, 97.1748) & (1683, 97.1643)
(1683, 97.1643) & (1684.5, 97.1591)
(1684.5, 97.1591) & (1684.94, 97.1575)
(1684.94, 97.1575) & (1685.57, 97.1553)
(1685.57, 97.1553) & (1686.07, 97.1536)
(1686.07, 97.1536) & (1687, 97.1503)
(1687, 97.1503) & (1687.58, 97.1483)
(1687.58, 97.1483) & (1687.7, 97.1479)
(1687.7, 97.1479) & (1688, 97.1469)
(1688, 97.1469) & (1690, 97.1399)
(1690, 97.1399) & (1691.44, 97.1348)
(1691.44, 97.1348) & (1691.81, 97.1335)
(1691.81, 97.1335) & (1692.5, 97.1311)
(1692.5, 97.1311) & (1693, 97.1294)
(1693, 97.1294) & (1694.9, 97.1227)
(1694.9, 97.1227) & (1695, 97.1224)
(1695, 97.1224) & (1697.94, 97.1121)
(1697.94, 97.1121) & (1698, 97.1119)
(1698, 97.1119) & (1699, 97.1084)
(1699, 97.1084) & (1699.83, 97.1055)
(1699.83, 97.1055) & (1700, 97.1049)
(1700, 97.1049) & (1700.87, 97.1018)
(1700.87, 97.1018) & (1702, 97.0979)
(1702, 97.0979) & (1704.23, 97.0901)
(1704.23, 97.0901) & (1705, 97.0874)
(1705, 97.0874) & (1705.69, 97.085)
(1705.69, 97.085) & (1705.96, 97.084)
(1705.96, 97.084) & (1706.19, 97.0832)
(1706.19, 97.0832) & (1706.78, 97.0812)
(1706.78, 97.0812) & (1707.23, 97.0796)
(1707.23, 97.0796) & (1708, 97.0769)
(1708, 97.0769) & (1711, 97.0664)
(1711, 97.0664) & (1714, 97.0559)
(1714, 97.0559) & (1715, 97.0524)
(1715, 97.0524) & (1716.51, 97.0472)
(1716.51, 97.0472) & (1716.75, 97.0463)
(1716.75, 97.0463) & (1717, 97.0455)
(1717, 97.0455) & (1717.18, 97.0448)
(1717.18, 97.0448) & (1718, 97.042)
(1718, 97.042) & (1718.64, 97.0397)
(1718.64, 97.0397) & (1719, 97.0385)
(1719, 97.0385) & (1719.04, 97.0383)
(1719.04, 97.0383) & (1722, 97.028)
(1722, 97.028) & (1723, 97.0245)
(1723, 97.0245) & (1724, 97.021)
(1724, 97.021) & (1724, 97.021)
(1724, 97.021) & (1725, 97.0175)
(1725, 97.0175) & (1726, 97.014)
(1726, 97.014) & (1727, 97.0105)
(1727, 97.0105) & (1727.47, 97.0088)
(1727.47, 97.0088) & (1729, 97.0035)
(1729, 97.0035) & (1730, 97)
(1730, 91.1482) & (1731, 91.1624)
(1731, 91.1624) & (1732, 91.1765)
(1732, 91.1765) & (1734, 91.2047)
(1734, 93) & (1735, 92.6255)
(1735, 92.6255) & (1735.4, 92.4754)
(1735.4, 92.4754) & (1736, 92.2511)
(1736, 92.2511) & (1736.56, 92.0412)
(1736.56, 92.0412) & (1738.62, 91.27)
(1738.62, 91.2699) & (1739, 91.2753)
(1739, 91.2753) & (1741, 91.3035)
(1741, 91.3035) & (1744, 91.3459)
(1744, 94) & (1746, 93.9854)
(1746, 93.9854) & (1747.04, 93.9778)
(1747.04, 93.9778) & (1749, 93.9635)
(1749, 93.9635) & (1749.65, 93.9587)
(1749.65, 93.9587) & (1749.83, 93.9574)
(1749.83, 93.9574) & (1754.21, 93.9254)
(1754.21, 93.9254) & (1755, 93.9197)
(1755, 93.9197) & (1756.03, 93.9122)
(1756.03, 93.9122) & (1756.21, 93.9109)
(1756.21, 93.9109) & (1757, 94.2207)
(1757, 94.2207) & (1757.17, 94.2873)
(1757.17, 94.2873) & (1758, 94.6103)
(1758, 94.6103) & (1758.07, 94.6357)
(1758.07, 94.6357) & (1759, 95)
(1759, 93.8905) & (1759.73, 93.8852)
(1759.73, 93.8852) & (1760, 93.956)
(1760, 93.956) & (1761, 94.217)
(1761, 94.217) & (1762, 94.478)
(1762, 94.478) & (1763, 94.739)
(1763, 94.739) & (1764, 95)
(1764, 93.854) & (1766, 93.8394)
(1766, 93.8394) & (1767.29, 93.83)
(1767.29, 93.83) & (1767.38, 93.8294)
(1767.38, 93.8294) & (1767.63, 93.8275)
(1767.63, 93.8275) & (1767.74, 93.8267)
(1767.74, 93.8267) & (1768, 93.8248)
(1768, 93.8248) & (1769.61, 93.8131)
(1769.61, 93.8131) & (1771, 93.8029)
(1771, 93.8029) & (1772, 93.7956)
(1772, 93.7956) & (1773.1, 93.7876)
(1773.1, 93.7876) & (1774, 93.781)
(1774, 93.781) & (1775, 93.7737)
(1775, 93.7737) & (1776, 93.7664)
(1776, 93.7664) & (1776.58, 93.7622)
(1776.58, 93.7622) & (1777, 93.7591)
(1777, 93.7591) & (1777.29, 93.757)
(1777.29, 93.7569) & (1778, 94.0935)
(1778, 94.0935) & (1779.66, 94.8862)
(1779.66, 94.8862) & (1781.6, 95.8081)
(1781.6, 95.8081) & (1782, 96)
(1782, 93.7226) & (1782.8, 93.7168)
(1782.8, 93.7168) & (1783.2, 93.7138)
(1783.2, 93.7138) & (1783.49, 93.7117)
(1783.49, 93.7117) & (1786.51, 94.5735)
(1786.51, 94.5735) & (1787.33, 94.8095)
(1787.33, 94.8095) & (1788, 95)
(1788, 95) & (1788.33, 95.094)
(1788.33, 95.094) & (1789, 95.2857)
(1789, 95.2857) & (1790, 95.5714)
(1790, 95.5714) & (1791.24, 95.9257)
(1791.24, 95.9257) & (1791.65, 96.0418)
(1791.65, 96.0418) & (1793, 96.4286)
(1793, 96.4286) & (1795, 97)
(1795, 97) & (1795.4, 97.1152)
(1795.4, 97.1152) & (1795.78, 97.2228)
(1795.78, 97.2228) & (1796, 97.2857)
(1796, 97.2857) & (1796.5, 97.4299)
(1796.5, 97.4299) & (1798, 97.8571)
(1798, 97.8571) & (1798.46, 97.9874)
(1798.46, 97.9874) & (1799, 98.1429)
(1799, 98.1429) & (1799.58, 98.3096)
(1799.58, 98.3096) & (1800, 98.4286)
(1800, 98.4286) & (1801, 98.7143)
(1801, 98.7143) & (1802, 99)
(1802, 95.6804) & (1802.02, 95.6769)
(1802.02, 95.6769) & (1804, 95.3608)
(1804, 95.3608) & (1804.58, 95.2685)
(1804.58, 95.2685) & (1805, 95.201)
(1805, 95.201) & (1807, 94.8814)
(1807, 94.8814) & (1807.05, 94.8736)
(1807.05, 94.8736) & (1808, 94.7217)
(1808, 94.7217) & (1809, 94.5619)
(1809, 94.5619) & (1810, 94.4021)
(1810, 94.4021) & (1812, 94.0825)
(1812, 100) & (1812.51, 99.9966)
(1812.51, 99.9966) & (1813, 99.9933)
(1813, 99.9933) & (1814.15, 99.9857)
(1814.15, 99.9857) & (1816, 99.9733)
(1816, 99.9733) & (1818.63, 99.9558)
(1818.63, 99.9558) & (1818.65, 99.9557)
(1818.65, 99.9557) & (1820, 99.9467)
(1820, 99.9467) & (1821, 99.94)
(1821, 99.94) & (1823, 99.9267)
(1823, 99.9267) & (1825, 99.9133)
(1825, 99.9133) & (1830, 99.88)
(1830, 99.88) & (1831.44, 99.8704)
(1831.44, 99.8704) & (1839, 99.82)
(1839, 99.82) & (1839.92, 99.8139)
(1839.92, 99.8139) & (1840, 99.8133)
(1840, 99.8133) & (1840.63, 99.8091)
(1840.63, 99.8091) & (1842, 99.8)
(1842, 99.8) & (1843, 99.7933)
(1843, 99.7933) & (1843.46, 99.7903)
(1843.46, 99.7903) & (1844, 99.7867)
(1844, 99.7867) & (1845, 99.78)
(1845, 99.78) & (1846, 99.7733)
(1846, 99.7733) & (1847, 99.7667)
(1847, 99.7667) & (1847.23, 99.7651)
(1847.23, 99.7651) & (1850, 99.7467)
(1850, 99.7467) & (1852, 99.7333)
(1852, 99.7333) & (1852.72, 99.7285)
(1852.72, 99.7285) & (1854, 99.72)
(1854, 99.72) & (1854.58, 99.7161)
(1854.58, 99.7161) & (1854.68, 99.7154)
(1854.68, 99.7154) & (1855.08, 99.7128)
(1855.08, 99.7128) & (1856, 99.7067)
(1856, 99.7067) & (1857, 99.7)
(1857, 99.7) & (1857.59, 99.696)
(1857.59, 99.696) & (1860, 99.68)
(1860, 99.68) & (1861, 99.6733)
(1861, 99.6733) & (1864, 99.6533)
(1864, 99.6533) & (1865, 99.6467)
(1865, 99.6467) & (1866, 99.64)
(1866, 99.64) & (1867, 99.6333)
(1867, 99.6333) & (1868.23, 99.6251)
(1868.23, 99.6251) & (1869, 100)
(1869, 99.62) & (1870, 99.6133)
(1870, 99.6133) & (1874, 99.5867)
(1874, 99.5867) & (1875, 99.58)
(1875, 99.58) & (1878, 99.56)
(1878, 99.56) & (1882, 99.5333)
(1882, 99.5333) & (1885.51, 99.5099)
(1885.51, 99.5099) & (1886, 99.5067)
(1886, 99.5067) & (1887, 99.5)
(1887, 99.5) & (1888, 99.4933)
(1888, 99.4933) & (1890, 99.48)
(1890, 99.48) & (1891, 99.4733)
(1891, 99.4733) & (1894.42, 99.4506)
(1894.42, 99.4506) & (1898, 99.4267)
(1898, 99.4267) & (1899, 99.42)
(1899, 99.42) & (1901, 99.4067)
(1901, 99.4067) & (1902, 99.4)
(1902, 99.4) & (1904.9, 99.3807)
(1904.9, 99.3807) & (1905, 99.38)
(1905, 99.38) & (1905.72, 99.3752)
(1905.72, 99.3752) & (1906, 99.3733)
(1906, 99.3733) & (1909, 99.3533)
(1909, 99.3533) & (1910, 99.3467)
(1910, 99.3467) & (1913, 99.3267)
(1913, 99.3267) & (1914, 99.32)
(1914, 99.32) & (1918, 99.2933)
(1918, 99.2933) & (1922, 99.2667)
(1922, 99.2667) & (1924, 99.2533)
(1924, 99.2533) & (1927, 99.2333)
(1927, 99.2333) & (1928, 99.2267)
(1928, 99.2267) & (1929, 99.22)
(1929, 99.22) & (1931, 99.2067)
(1931, 99.2067) & (1932, 99.2)
(1932, 99.2) & (1933, 99.1933)
(1933, 99.1933) & (1935.26, 99.1782)
(1935.26, 99.1782) & (1936.44, 99.1704)
(1936.44, 99.1704) & (1938, 99.16)
(1938, 99.16) & (1938.06, 99.1596)
(1938.06, 99.1596) & (1938.41, 99.1573)
(1938.41, 99.1573) & (1939, 99.1533)
(1939, 99.1533) & (1942, 99.1333)
(1942, 99.1333) & (1945, 99.1133)
(1945, 99.1133) & (1947, 99.1)
(1947, 99.1) & (1950, 99.08)
(1950, 99.08) & (1951, 99.0733)
(1951, 99.0733) & (1952, 99.0667)
(1952, 99.0667) & (1956.65, 99.0357)
(1956.65, 99.0357) & (1958, 99.0267)
(1958, 99.0267) & (1958.44, 99.0237)
(1958.44, 99.0237) & (1960, 99.0133)
(1960, 99.0133) & (1962, 99)
(1962, 98.3245) & (1963.69, 98.5822)
(1963.69, 98.5822) & (1963.99, 98.6283)
(1963.99, 98.6283) & (1964.71, 98.7367)
(1964.71, 98.7367) & (1965, 98.7815)
(1965, 98.7815) & (1966.99, 99.0842)
(1966.99, 99.0842) & (1968.03, 99.2437)
(1968.03, 99.2437) & (1968.54, 99.32)
(1968.54, 99.32) & (1969, 99.3907)
(1969, 99.3907) & (1969.01, 99.3917)
(1969.01, 99.3917) & (1971, 99.6954)
(1971, 99.6954) & (1971.93, 99.8377)
(1971.93, 99.8377) & (1972, 99.8477)
(1972, 99.8477) & (1973, 100)
(1973, 92.3285) & (1974, 92.3212)
(1974, 99) & (1976, 98.2385)
(1976, 98.2385) & (1976.59, 98.0127)
(1976.59, 98.0127) & (1976.63, 97.9993)
(1976.63, 97.9993) & (1979.23, 97.0101)
(1979.23, 97.0101) & (1979.73, 96.8167)
(1979.73, 96.8167) & (1979.93, 96.7439)
(1979.93, 96.7445) & (1980, 97)
(1980, 96.7156) & (1980.29, 96.6036)
(1980.29, 96.6036) & (1982, 95.9541)
(1982, 95.9541) & (1984, 95.1927)
(1984, 95.1927) & (1985, 94.8119)
(1985, 94.8119) & (1987, 94.0505)
(1987, 94.0505) & (1987.14, 93.9979)
(1987.14, 93.9979) & (1988.19, 93.5972)
(1988.19, 93.5972) & (1988.76, 93.3799)
(1988.76, 93.3799) & (1988.76, 93.3787)
(1988.76, 93.3787) & (1989, 93.289)
(1989, 93.289) & (1990, 92.9083)
(1990, 92.9083) & (1990.55, 92.6971)
(1990.55, 92.6972) & (1991.88, 92.9966)
(1991.88, 92.9966) & (1993.12, 93.275)
(1993.12, 93.275) & (1993.34, 93.3236)
(1993.34, 93.3236) & (1993.43, 93.3446)
(1993.43, 93.3446) & (1994.35, 93.5524)
(1994.35, 93.5523) & (1995.29, 94.9414)
(1995.29, 94.9414) & (1996, 96)
(1996, 93.9228) & (1997, 94.1479)
(1997, 94.1479) & (1997.45, 94.25)
(1997.45, 94.25) & (1997.8, 94.3285)
(1997.8, 94.3285) & (1998, 94.373)
(1998, 94.373) & (2001, 95.0482)
(2001, 95.0482) & (2005, 95.9486)
(2005, 95.9486) & (2006.95, 96.3885)
(2006.95, 96.3885) & (2008, 96.6238)
(2008, 96.6238) & (2010.85, 97.2644)
(2010.85, 97.2644) & (2012, 97.5241)
(2012, 97.5241) & (2014, 97.9743)
(2014, 97.9743) & (2018.59, 99.0067)
(2018.59, 99.0067) & (2018.61, 99.0127)
(2018.61, 99.0127) & (2019, 99.0997)
(2019, 99.0997) & (2019.71, 99.2584)
(2019.71, 99.2584) & (2022, 99.7749)
(2022, 99.7749) & (2023, 100)
(2023, 93.8788) & (2023.63, 94.0192)
(2023.63, 94.0192) & (2024, 94.103)
(2024, 94.103) & (2026.71, 94.7104)
(2026.71, 94.7104) & (2027, 94.7758)
(2027, 94.7758) & (2028, 95)
(2028, 91.927) & (2029.3, 91.9175)
(2029.3, 91.9175) & (2030, 91.9124)
(2030, 91.9124) & (2031, 91.9051)
(2031, 91.9051) & (2033, 91.8905)
(2033, 91.8905) & (2033.89, 91.884)
(2033.89, 91.884) & (2035, 91.8759)
(2035, 91.8759) & (2038, 91.854)
(2038, 91.854) & (2040, 91.8394)
(2040, 91.8394) & (2040.13, 91.8384)
(2040.13, 91.8384) & (2041, 91.8321)
(2041, 91.8321) & (2043.1, 91.8168)
(2043.1, 91.8168) & (2045.18, 91.8016)
(2045.18, 91.8016) & (2049, 92.1095)
(2049, 92.1095) & (2051, 92.2709)
(2051, 92.2709) & (2052, 92.3516)
(2052, 92.3516) & (2052.09, 92.3586)
(2052.09, 92.3586) & (2059, 92.9164)
(2059, 92.9164) & (2059.07, 92.9218)
(2059.07, 92.9218) & (2060, 92.9971)
(2060, 92.9971) & (2060.41, 93.0302)
(2060.41, 93.0302) & (2061, 93.0778)
(2061, 93.0778) & (2061.11, 93.0864)
(2061.11, 93.0864) & (2064, 93.3199)
(2064, 93.3199) & (2067, 93.562)
(2067, 93.562) & (2067.57, 93.6081)
(2067.57, 93.6081) & (2068.16, 93.6558)
(2068.16, 93.6558) & (2069, 93.7233)
(2069, 93.7233) & (2071.81, 93.9503)
(2071.81, 93.9503) & (2076, 94.2882)
(2076, 94.2882) & (2076.76, 94.3496)
(2076.76, 94.3496) & (2078.52, 94.4912)
(2078.52, 94.4912) & (2081, 94.6916)
(2081, 94.6916) & (2081.37, 94.7213)
(2081.37, 94.7213) & (2081.94, 94.7673)
(2081.94, 94.7673) & (2082, 94.7723)
(2082, 94.7723) & (2083.26, 94.8737)
(2083.26, 94.8737) & (2087.52, 95.2177)
(2087.52, 95.2177) & (2088, 95.2565)
(2088, 95.2565) & (2093, 95.6599)
(2093, 95.6599) & (2094, 95.7406)
(2094, 95.7406) & (2097, 95.9827)
(2097, 95.9827) & (2102, 96.3862)
(2102, 96.3862) & (2107, 96.7896)
(2107, 96.7896) & (2108.17, 96.8837)
(2108.17, 96.8837) & (2109, 96.951)
(2109, 96.951) & (2110, 97.0317)
(2110, 97.0317) & (2110.25, 97.0521)
(2110.25, 97.0521) & (2111, 97.5161)
(2111, 97.5161) & (2115, 100)
(2115, 97.4352) & (2118, 97.6772)
(2118, 97.6772) & (2122, 98)
(2122, 91.2409) & (2125, 91.219)
(2125, 91.219) & (2127.47, 91.2009)
(2127.47, 91.2009) & (2128, 91.1971)
(2128, 91.1971) & (2129, 91.1898)
(2129, 91.1898) & (2132, 91.1679)
(2132, 91.1679) & (2134.9, 91.1467)
(2134.9, 91.1467) & (2142, 91.0949)
(2142, 91.0949) & (2143.09, 91.087)
(2143.09, 91.087) & (2148, 91.0511)
(2148, 91.0511) & (2149, 91.0438)
(2149, 91.0438) & (2150, 91.0365)
(2150, 91.0365) & (2154, 91.0073)
(2154, 91.0073) & (2155, 91)
(2155, 90.7475) & (2161, 91.899)
(2161, 91.899) & (2164, 92.4747)
(2164, 92.4747) & (2165, 92.6667)
(2165, 92.6667) & (2168, 93.2424)
(2168, 93.2424) & (2173, 94.202)
(2173, 94.202) & (2175, 94.5859)
(2175, 94.5859) & (2176, 94.7778)
(2176, 94.7778) & (2177, 94.9697)
(2177, 94.9697) & (2178, 95.1616)
(2178, 95.1616) & (2184, 96.3131)
(2184, 96.3131) & (2188, 97.0808)
(2188, 97.0808) & (2192, 97.8485)
(2192, 97.8485) & (2198, 99)
(2198, 97.6329) & (2201, 98.6582)
(2201, 98.6582) & (2202, 99)
(2202, 86.3153) & (2207, 86.4955)
(2207, 86.4955) & (2209, 86.5676)
(2209, 86.5676) & (2213.6, 86.7334)
(2213.6, 86.7334) & (2216, 86.8198)
(2216, 86.8198) & (2221, 87)
(2221, 81.0452) & (2223.75, 81.7612)
(2223.75, 81.7612) & (2226, 82.3446)
(2226, 82.3446) & (2227, 82.6045)
(2227, 82.6045) & (2232, 83.904)
(2232, 83.904) & (2237, 85.2034)
(2237, 85.2034) & (2239, 85.7232)
(2239, 85.7232) & (2243, 86.7627)
(2243, 86.7627) & (2244, 87.0226)
(2244, 87.0226) & (2259, 90.9209)
(2259, 90.9209) & (2263, 91.9604)
(2263, 91.9604) & (2267, 93)
(2267, 80.5442) & (2268, 80.7521)
(2268, 80.7521) & (2274, 82)
(2274, 75.9132) & (2275, 76)
(2275, 74.4082) & (2279, 74.5805)
(2279, 74.5805) & (2294, 75.2268)
(2294, 75.2268) & (2298, 75.3991)
(2298, 75.3991) & (2301, 75.5283)
(2301, 75.5283) & (2306, 75.7438)
(2306, 75.7438) & (2310, 75.9161)
(2310, 75.9161) & (2374, 78.6735)
(2374, 78.6735) & (2390, 79.3628)
(2390, 79.3628) & (2394, 79.5351)
(2394, 79.5351) & (2413, 80.3537)
(2413, 80.3537) & (2415, 80.4399)
(2415, 80.4399) & (2428, 81)
(2428, 19.1834) & (2430, 19)
(2430, 15.0082) & (2432, 15)
