60
2 19 356 63
4 94 223 35
5 51 372 12
7 74 146 77
7 62 323 20
7 71 423 46
8 38 367 53
8 84 493 81
9 79 174 23
10 82 404 41
12 81 308 90
13 38 257 56
14 28 128 78
15 73 389 40
16 96 112 9
16 99 377 50
17 81 412 12
19 25 187 55
20 92 261 10
20 47 440 70
29 51 197 62
31 17 466 21
34 94 241 11
37 26 252 73
46 2 523 72
48 64 115 91
51 25 146 84
53 24 83 70
55 5 513 37
56 70 302 8
58 36 322 9
60 76 509 89
61 82 398 10
62 83 478 70
62 7 533 33
64 25 514 47
65 88 335 7
67 89 364 87
67 57 384 69
67 36 488 79
68 18 152 53
70 33 162 69
72 72 532 27
74 53 86 21
81 17 221 87
83 24 297 21
93 84 285 10
94 82 387 13
96 77 121 4
96 52 351 69
99 71 587 74
101 44 293 87
102 8 242 75
106 8 410 91
111 93 144 8
111 87 268 49
112 61 511 55
113 4 241 96
113 73 496 3