100
712 3 761 20
59 23 87 11
506 15 534 7
309 50 321 4
751 25 771 33
169 5 179 14
435 1 448 36
348 32 361 50
356 10 359 29
244 2 257 11
909 40 944 27
728 35 734 6
409 13 443 5
950 15 990 29
260 8 268 22
230 25 273 13
862 14 901 25
720 50 768 4
550 2 572 7
909 40 923 5
579 47 585 16
508 24 530 1
978 19 1001 32
675 43 677 20
679 34 711 29
696 28 703 18
92 50 96 28
501 32 507 40
444 4 478 17
230 6 270 18
301 10 325 7
302 6 306 39
653 9 697 30
673 19 689 11
962 5 987 31
800 41 847 47
22 4 60 23
860 33 870 40
226 18 257 2
164 42 175 31
619 3 630 7
574 44 586 12
647 15 682 35
168 11 176 21
261 22 290 1
44 6 71 19
675 33 718 6
275 17 325 5
724 48 756 21
752 46 757 33
44 19 59 13
130 31 132 43
680 6 698 4
210 45 233 36
22 9 53 34
54 21 73 9
422 14 465 38
792 45 804 39
341 34 387 35
119 5 126 30
623 22 649 11
5 43 29 49
172 46 200 29
879 24 896 7
622 36 647 31
132 3 178 44
684 34 705 22
492 11 517 17
933 1 977 35
910 13 922 44
15 33 41 1
279 7 304 24
836 32 879 3
646 5 686 12
263 8 299 10
948 28 950 10
305 18 333 11
735 35 768 28
475 20 512 40
857 44 880 15
430 9 446 39
327 24 357 38
691 19 735 27
108 26 123 9
197 18 229 19
364 38 376 28
185 12 221 30
882 47 924 23
164 28 170 39
206 38 223 6
506 6 512 31
981 45 1015 28
979 6 1018 12
66 10 100 29
582 6 599 40
15 39 56 39
364 19 388 27
974 35 1000 22
814 1 851 17
433 41 442 49
