1000
1667 99 1725 18
1707 39 2005 4
1280 94 1560 78
1532 97 1760 76
1019 67 1291 29
427 73 455 30
1845 99 2201 37
1039 4 1362 5
205 81 472 50
298 57 472 87
1713 80 2005 13
616 21 1102 78
119 28 416 28
1300 90 1523 10
1864 54 2268 35
473 50 673 27
517 60 860 44
683 12 1056 24
308 29 582 90
1646 14 1844 68
973 20 1334 79
1744 94 2155 91
1532 26 1719 82
53 24 83 70
340 13 515 34
195 33 428 9
579 18 762 85
574 79 668 12
335 34 403 67
190 26 249 100
450 27 458 66
834 36 951 34
835 31 1137 21
1261 90 1399 11
183 19 594 53
592 6 737 42
1328 1 1705 55
173 82 433 8
920 89 1068 39
174 2 545 48
1622 9 2022 23
460 43 554 67
1227 84 1460 11
571 29 735 32
1108 45 1359 60
210 41 542 24
1093 14 1305 24
543 91 580 69
619 64 693 39
802 30 973 58
1655 47 1886 47
1062 32 1063 95
1563 47 1913 6
872 61 1115 9
604 100 959 56
345 32 756 50
767 61 1006 3
668 16 773 38
886 15 972 34
930 62 1312 25
956 31 1154 8
1861 52 1914 51
658 4 799 55
398 74 437 55
67 36 488 79
621 6 681 74
449 74 577 16
321 80 477 32
1933 61 1962 27
1559 53 1673 66
1249 50 1711 72
17 81 412 12
379 79 382 53
593 80 938 50
1747 22 1763 14
351 81 807 75
490 33 667 87
1410 61 1586 20
1793 34 2188 89
113 4 241 96
523 51 922 34
618 22 984 67
1343 4 1364 69
437 74 585 44
455 71 559 30
783 93 1174 72
984 51 1166 3
882 95 1250 21
1799 40 2008 67
365 9 737 4
432 50 652 23
1269 12 1560 27
603 96 630 64
574 3 967 3
1020 16 1129 4
1792 39 1839 41
81 17 221 87
1028 36 1423 37
869 42 1006 67
849 64 1038 68
934 57 1088 83
96 77 121 4
1009 27 1406 28
826 66 1054 16
1915 41 2209 78
1557 21 2051 27
1508 72 1843 22
1690 73 1714 68
65 88 335 7
1748 12 1980 32
297 48 500 23
1758 60 2154 66
460 70 677 9
1060 87 1305 99
119 65 591 66
251 31 651 96
773 64 947 36
186 10 377 45
804 23 1096 63
1586 80 1729 76
694 47 696 36
1589 10 1669 16
1058 72 1301 38
520 75 616 50
693 26 751 83
476 57 906 60
147 76 410 74
1068 18 1092 84
1583 27 1739 91
1882 90 2279 38
636 89 765 77
539 13 750 8
862 67 1109 63
919 100 1333 38
1923 9 2274 82
873 15 1275 13
1615 59 1718 29
1020 19 1380 51
1786 1 1928 22
377 33 504 64
567 68 1014 52
1601 21 1719 88
503 19 655 37
1287 19 1487 14
169 40 271 13
148 70 579 64
1294 42 1715 35
1403 47 1687 67
338 12 780 45
231 27 688 53
988 89 1106 96
938 35 1154 39
617 12 703 96
602 35 1077 62
578 69 904 56
1814 31 1891 57
514 54 552 72
1047 34 1514 83
180 50 207 79
157 94 656 82
1234 64 1630 37
64 25 514 47
1002 61 1280 82
1485 9 1531 69
183 3 545 27
574 82 617 31
759 92 1124 33
1932 2 2226 5
793 78 1270 27
865 56 996 31
1773 70 1798 36
1217 11 1326 16
933 47 1071 81
177 58 455 9
1361 1 1600 7
1677 49 1887 13
1671 97 1777 46
1861 24 2259 84
572 50 599 56
283 100 769 75
1783 54 1802 25
221 98 677 29
447 99 677 83
1403 14 1749 35
1553 69 1782 87
1729 2 2192 35
1279 61 1762 83
518 78 564 85
615 43 675 90
297 62 578 28
862 32 1034 9
1194 10 1679 86
62 7 533 33
1641 26 2069 2
1773 31 1969 45
1679 90 1864 1
1103 54 1209 33
1568 11 2035 28
166 11 439 53
797 44 1002 27
316 98 696 97
1602 75 1746 15
16 96 112 9
986 42 1439 35
1984 6 2023 8
644 54 819 30
1178 49 1642 80
1144 32 1154 60
1558 2 1700 92
1761 10 1960 43
1517 52 1702 52
134 95 383 62
1159 16 1414 38
495 92 766 70
1281 11 1564 27
1957 38 1996 96
599 37 807 100
1485 71 1669 87
1422 95 1624 86
1177 25 1344 60
599 50 719 8
506 47 646 24
692 35 1051 40
370 88 626 9
171 46 286 71
624 1 898 51
959 73 1081 1
1447 17 1931 23
1882 39 2154 53
1219 89 1441 91
1418 3 1624 38
1888 1 2064 80
590 82 701 37
1485 71 1898 73
335 30 494 17
1023 95 1516 74
605 90 955 14
67 57 384 69
794 2 1111 66
1291 74 1374 66
768 53 802 2
293 31 699 20
326 74 443 44
1104 12 1238 19
1084 30 1141 19
1319 38 1449 81
1898 7 1922 54
1278 92 1614 85
1063 95 1463 82
558 80 839 12
1489 73 1631 94
1899 68 2150 23
901 37 922 69
1807 5 2102 30
1486 59 1505 83
1512 9 1776 51
1465 63 1633 59
1809 47 1962 51
738 77 1185 74
1168 10 1410 72
504 82 767 89
1942 25 2049 21
1458 8 1489 99
303 13 572 36
1323 13 1719 57
1925 79 1974 67
1291 86 1461 23
1037 64 1169 22
20 47 440 70
1302 62 1306 74
1320 3 1413 43
1144 44 1599 81
474 56 563 24
1606 19 1947 48
956 48 1083 10
1307 14 1805 51
1292 94 1360 47
910 23 1370 78
1137 22 1599 20
548 17 881 50
1469 72 1790 74
540 53 661 27
1018 62 1107 26
1631 51 1795 9
1207 81 1238 86
1646 9 2019 38
961 36 993 39
745 24 890 24
551 74 773 68
477 61 629 29
1945 17 2432 15
688 50 740 56
1107 93 1150 84
1075 40 1142 67
1958 56 2415 50
724 72 944 21
1445 12 1840 20
653 84 1049 56
1292 30 1739 50
1775 54 1869 100
167 35 501 58
351 90 594 18
318 23 459 78
1472 44 1971 90
603 50 1103 55
364 10 633 31
2 19 356 63
787 73 839 44
667 80 1123 51
48 64 115 91
12 81 308 90
673 26 1112 93
837 98 1259 45
785 22 862 98
271 59 644 82
1748 49 2239 5
1030 82 1352 79
738 1 1191 79
931 38 1073 50
226 80 504 32
106 8 410 91
1101 3 1137 43
1442 15 1576 70
441 52 737 58
1810 67 2192 19
277 99 332 66
1201 93 1367 33
1372 99 1676 50
1991 23 2115 100
1520 31 1973 100
787 100 827 37
1379 21 1725 26
1798 64 2244 10
678 51 919 14
1498 37 1726 40
1156 43 1449 86
953 24 1290 24
819 20 847 67
1772 73 1998 64
244 71 639 39
562 39 642 82
1719 91 2148 14
390 95 588 31
58 36 322 9
1203 97 1507 94
1712 30 2023 100
282 89 741 24
230 70 393 56
544 5 747 47
1965 18 2202 99
1358 62 1840 67
1424 100 1839 24
273 79 752 71
874 96 1302 43
1649 17 2111 46
126 60 388 65
1771 63 2129 27
883 76 1124 8
1098 79 1116 70
571 8 894 40
280 49 768 62
283 38 756 74
1180 82 1626 49
1040 10 1420 18
46 2 523 72
956 45 1373 95
398 81 450 55
1174 86 1340 92
1938 93 1939 15
818 57 1121 85
1782 18 1821 76
540 38 699 8
234 28 707 68
1449 74 1521 12
1383 99 1606 82
1651 32 2060 77
429 55 904 69
353 55 689 28
1248 56 1597 4
756 68 1105 84
640 36 977 5
215 2 387 24
111 87 268 49
1698 21 2028 95
1248 35 1632 7
1884 53 2201 29
1929 89 2301 60
262 70 756 45
964 1 1316 8
1423 42 1648 34
1038 69 1477 96
1481 20 1870 28
688 9 809 59
1511 30 1888 74
873 91 880 29
1283 76 1496 51
143 8 562 5
740 32 910 68
102 8 242 75
1567 53 1965 29
1446 12 1764 95
976 43 1432 49
8 38 367 53
13 38 257 56
1394 43 1760 32
5 51 372 12
1390 53 1519 99
825 51 1097 99
130 96 369 60
200 84 599 50
117 29 559 67
283 74 688 92
960 74 1172 38
1067 92 1284 67
595 57 752 84
503 40 575 98
1546 36 1857 95
1328 4 1475 96
1536 82 1864 19
864 100 1092 7
1800 37 2201 70
1222 69 1597 5
631 8 734 55
628 32 683 96
1625 10 2052 35
1611 94 2107 24
232 95 302 13
291 38 392 49
1974 99 2192 16
1583 61 1927 3
230 60 331 25
1235 99 1496 24
1125 90 1512 22
970 44 982 95
1619 32 2067 55
1366 44 1699 58
94 82 387 13
37 26 252 73
1060 49 1321 31
1533 27 1847 96
745 56 1228 10
423 22 755 60
289 23 538 51
965 18 990 42
1675 45 1782 96
1827 40 2014 72
1328 95 1755 42
60 76 509 89
781 58 1242 87
1023 16 1089 47
514 73 586 94
634 69 1126 3
297 20 602 64
724 1 1138 100
900 10 1191 19
827 56 1206 83
1996 39 2059 73
1132 65 1393 75
780 71 1123 34
1781 33 1846 72
1754 45 1823 24
1950 16 2094 50
56 70 302 8
1360 85 1373 55
20 92 261 10
1366 8 1796 42
1622 22 1758 69
800 46 1013 13
251 15 424 7
1845 57 1865 93
826 30 1242 60
969 33 1091 45
791 37 972 80
1875 85 1987 73
652 99 800 97
682 79 1024 29
62 83 478 70
276 52 294 8
639 52 867 32
475 23 802 3
1566 73 1982 39
1890 65 1906 52
840 6 906 42
563 14 879 81
888 57 1177 100
685 47 900 7
1657 78 1867 52
1607 26 1660 9
359 48 494 93
343 8 619 43
264 72 496 56
1237 81 1722 59
753 97 914 10
1708 40 1727 49
970 4 1134 46
397 77 736 4
51 25 146 84
532 59 918 48
1832 9 1842 56
1637 8 1804 90
143 74 222 86
798 29 928 66
255 40 289 12
216 33 701 88
1379 96 1724 82
1753 20 1945 30
175 1 188 42
1783 35 1984 11
675 36 1054 67
981 31 1434 100
770 28 791 7
1103 8 1229 17
907 34 1065 35
1579 76 1637 23
617 55 668 11
1698 33 2031 50
1058 6 1380 23
29 51 197 62
236 45 714 30
388 34 691 20
1185 100 1232 61
61 82 398 10
1480 6 1951 72
1911 29 2216 52
835 9 1088 63
274 21 744 55
1946 72 2298 35
1223 84 1513 67
250 65 622 12
1252 95 1486 98
1542 68 1778 55
159 68 195 80
101 44 293 87
792 78 1272 73
432 29 519 90
968 88 1444 20
349 57 546 86
1024 31 1356 59
1750 48 2178 93
527 52 576 97
987 41 1214 64
830 63 1101 78
1546 12 1759 95
1067 34 1541 4
1518 57 1772 68
1316 65 1799 88
1773 30 1878 21
460 61 950 50
337 26 620 73
1717 87 2027 29
430 5 883 93
869 45 1233 73
210 23 454 13
1340 38 1537 71
681 80 1002 23
449 31 875 91
694 9 1136 62
1057 98 1121 87
1011 67 1432 87
1267 69 1609 32
460 100 788 89
1150 46 1228 70
748 64 1004 17
508 36 642 8
781 6 789 57
301 19 372 4
1337 51 1665 78
774 77 1207 80
1803 2 2061 55
1530 40 1854 16
1156 68 1317 8
1713 12 1909 49
329 90 777 76
930 6 1129 90
641 44 705 92
474 91 689 20
1401 64 1611 94
643 32 1039 98
401 92 705 97
1923 23 2097 65
459 26 587 4
1278 7 1403 58
496 89 910 6
951 35 1146 65
333 34 411 11
286 37 703 89
219 47 381 11
764 48 1197 11
83 24 297 21
1611 82 1875 60
1869 77 2306 4
1920 1 1997 85
956 86 1070 51
406 80 451 78
630 51 639 69
174 41 647 63
1977 14 2142 8
942 8 1158 88
681 51 1127 18
1528 18 2022 27
886 75 1117 74
1910 66 2149 51
1203 73 1510 18
888 73 1280 43
1095 46 1295 92
1541 16 1657 76
1607 16 1680 92
1081 93 1249 67
1902 19 2394 24
1423 49 1802 67
331 15 341 44
1234 33 1252 65
998 2 1230 77
224 11 397 58
1985 87 2019 32
434 56 671 44
1909 56 2173 62
188 69 556 73
1692 23 1801 16
505 25 565 28
596 56 667 42
388 39 868 83
1005 28 1486 49
723 25 1168 96
112 61 511 55
674 45 869 21
701 13 806 64
486 83 939 85
430 23 543 47
404 29 864 37
693 75 1065 81
1692 32 1727 4
831 5 1048 56
718 31 843 57
709 49 950 46
19 25 187 55
1377 62 1572 32
1277 37 1656 80
1987 62 2428 81
1755 25 2207 67
346 29 586 78
1444 98 1730 97
495 77 858 86
429 29 641 82
1049 19 1159 97
1271 48 1695 24
671 61 721 62
1421 23 1475 85
7 62 323 20
1174 94 1317 39
1314 78 1366 70
507 44 933 65
532 55 950 84
416 82 831 26
150 34 430 34
1076 77 1196 44
904 56 1270 74
801 10 1164 61
1242 60 1346 39
1773 65 2165 80
216 79 336 99
1585 18 1852 80
9 79 174 23
1170 79 1504 99
741 92 751 48
735 10 1034 3
1503 16 1688 36
420 100 503 94
320 54 547 27
1701 36 2081 35
1001 11 1010 91
1913 1 2267 93
1663 47 1928 59
373 5 801 93
634 22 1102 33
1473 72 1549 33
688 88 906 1
521 60 852 77
1530 9 1768 26
1125 62 1213 15
129 34 144 55
463 74 508 39
1627 43 1950 81
1297 90 1683 5
1466 79 1487 75
1606 75 2033 48
785 20 981 10
1441 74 1793 19
451 28 538 92
432 85 824 20
509 28 750 78
200 29 588 42
1974 45 2088 39
1576 35 1604 25
177 8 384 49
1882 26 2128 38
1797 23 2227 35
113 73 496 3
1580 40 1813 78
620 100 1020 46
159 49 461 80
469 94 940 83
1734 93 1969 5
1202 30 1323 48
226 37 648 34
276 54 651 58
68 18 152 53
293 37 471 74
195 77 326 60
868 62 1234 92
941 44 945 75
55 5 513 37
290 38 559 32
670 73 762 70
93 84 285 10
1969 8 2310 51
1736 49 1808 78
1288 100 1502 48
277 57 674 51
1842 76 2132 18
1448 99 1732 10
1478 80 1606 96
501 79 936 62
824 74 1099 76
1918 32 2390 75
306 85 336 35
175 90 288 33
1990 24 2184 28
1852 4 1984 18
752 57 918 100
342 86 400 56
1964 42 1980 97
705 49 1083 38
1140 61 1220 100
461 58 859 93
1539 1 1942 50
275 10 737 22
768 32 1099 37
278 47 564 71
1014 1 1480 67
1905 86 2161 3
453 37 486 71
111 93 144 8
1848 43 2294 39
1276 79 1633 19
662 54 1059 85
1120 21 1581 97
958 31 1249 69
1376 42 1677 70
296 34 394 11
576 37 741 13
1627 21 2040 80
885 55 994 12
10 82 404 41
320 45 599 55
1850 94 1976 53
1592 91 2040 39
945 73 1294 19
212 48 389 60
299 4 467 75
875 100 898 98
67 89 364 87
828 4 1102 93
492 95 713 46
1566 54 1844 56
979 18 1094 92
1442 50 1774 80
1827 60 2237 26
1972 61 2430 19
1775 70 2122 98
575 54 972 36
1507 88 1932 94
304 4 693 69
436 19 565 57
1802 59 1860 88
616 57 738 98
915 91 1206 77
1649 45 1762 91
350 67 741 46
1287 29 1445 74
1488 1 1901 67
1291 28 1661 86
154 28 414 94
1309 55 1333 79
669 28 1025 72
1726 65 1905 94
537 23 884 53
1532 69 1799 55
1621 63 1789 93
1597 71 1856 87
840 61 1278 2
1598 96 1882 44
313 75 777 10
1163 79 1659 47
1800 96 2188 34
708 94 1101 10
1951 82 2012 25
1104 51 1436 60
678 8 986 30
1107 13 1562 43
694 25 897 10
867 51 1019 5
392 80 539 97
1774 69 2263 38
1757 63 2177 60
1825 87 1866 24
1355 28 1801 40
1350 95 1548 51
966 31 1165 94
481 42 760 59
1515 33 1552 26
1265 32 1333 3
796 59 923 81
471 82 871 95
1868 16 2164 13
271 2 439 22
124 13 267 76
1630 12 2093 69
1408 79 1782 25
1611 33 2110 51
1306 71 1535 82
980 96 1090 39
1323 87 1676 51
1395 13 1451 29
1777 71 2221 87
822 24 880 39
1187 45 1303 7
1748 9 1952 20
1175 5 1523 98
1618 90 1874 53
1098 36 1308 82
213 23 251 59
1755 47 2109 24
432 92 924 35
1812 100 1962 99
380 46 821 55
1535 8 1790 27
685 26 861 12
1432 91 1788 50
7 74 146 77
827 18 980 21
1911 28 2243 33
1381 30 1648 96
1605 47 1929 78
592 93 1012 29
648 86 778 50
186 98 265 61
736 27 1159 69
1315 17 1509 23
363 42 763 66
74 53 86 21
1835 31 2155 12
201 35 341 98
879 66 984 98
1832 12 2024 68
1381 7 1802 64
1516 70 1735 45
130 27 541 10
699 30 1043 34
1402 66 1820 93
609 92 781 21
1180 41 1578 6
1901 42 2198 99
1601 90 1796 66
416 76 566 78
1341 45 1766 5
31 17 466 21
1020 87 1399 4
630 25 837 26
1396 44 1723 13
1477 21 1741 18
148 64 201 34
1805 57 1918 66
1512 84 1609 67
776 40 1100 32
1530 65 2030 79
16 99 377 50
1644 77 1699 26
1511 80 1736 42
1554 44 1758 69
1045 64 1376 89
622 76 1051 21
1542 64 1603 61
1456 48 1830 24
1986 73 2232 3
861 45 1321 58
718 50 1163 92
628 25 915 100
699 84 844 27
1412 10 1722 59
1822 15 1886 37
1139 25 1638 46
145 41 573 93
735 22 1229 46
1114 14 1133 51
7 71 423 46
1362 30 1850 9
558 100 887 86
1520 64 1546 3
1780 28 2118 17
1911 52 2176 41
715 11 1036 87
1902 48 2076 43
216 86 287 5
126 92 193 40
1416 18 1571 85
243 61 435 26
647 29 658 55
1473 5 1802 99
1209 60 1351 88
1675 3 1844 95
99 71 587 74
429 50 595 93
1142 6 1517 46
96 52 351 69
1228 62 1398 31
1187 88 1656 23
14 28 128 78
594 69 956 49
468 96 722 60
1665 84 1924 97
930 14 1008 23
619 39 918 27
863 82 880 41
1172 9 1604 76
458 70 662 70
8 84 493 81
942 7 1355 18
1344 35 1399 84
1137 53 1581 4
1225 22 1711 86
255 47 504 63
1954 69 2175 36
1552 80 1882 11
872 8 922 57
552 44 988 4
1463 59 1727 90
903 2 1024 71
301 77 407 61
1698 88 2027 21
1247 46 1711 9
182 25 405 83
1272 62 1509 37
1381 18 1736 10
725 41 1079 44
1053 30 1225 12
1255 20 1431 82
1799 5 1989 7
15 73 389 40
1969 50 2168 77
345 82 721 94
1730 76 2041 46
688 37 727 70
1786 46 2239 20
1832 48 2082 55
1471 5 1801 6
1303 6 1520 11
1619 40 1990 55
1086 80 1227 21
1435 53 1693 56
72 72 532 27
375 1 820 98
1021 89 1406 70
980 6 1026 29
613 8 736 27
689 11 1117 20
618 33 754 13
343 89 407 48
937 65 1291 57
1660 45 1972 89
1323 71 1761 69
1971 13 2428 4
1934 62 2125 25
501 72 885 60
542 32 923 74
1867 76 2125 52
1488 55 1731 21
1985 25 2413 71
1863 18 2001 4
423 19 646 17
251 99 335 25
1683 48 2038 90
877 45 1322 90
1206 57 1454 45
1360 5 1816 3
1421 3 1669 41
210 71 689 24
927 93 1297 1
34 94 241 11
4 94 223 35
1419 20 1693 59
1139 22 1242 27
1980 28 2374 44
721 27 723 22
1314 12 1807 22
581 83 934 9
1918 45 2275 76
1776 4 1909 74
554 28 995 97
70 33 162 69
