4 0
4 59
13 59.1746
13 89
14 88.6256
14 124
14 163
15 162.893
15 174
23 173.845
23 178
86.0116 174.207
117 174.363
117 183
122 182.96
122 187
145 185.924
145 191
164 190.431
164 192
176 190.547
176 198
257 197.959
257 198
257.833 197.959
380 197.897
380 199
406.339 197.884
436 197.869
436 198
438.099 197.868
482 197.845
482 198
491 197.891
491 198
496.979 197.838
807 197.681
807 198
874.06 197.647
926 197.621
926 198
929.642 197.619
974.389 197.597
976 198
976 197.596
1048 197.56
1048 199
1419 198.275
1419 199
1510.89 198.096
1591 197.939
1591 198
1596.5 197.929
1648 197.828
1648 198
1649.15 197.826
1742.4 197.644
1751 199
1751 197.627
2042.83 197.057
2078 197.039
2078 200
2165 197.008
2165 200
2194.34 196.98
2270.59 196.942
2283 197.853
2283 200
2856 197.04
2856 199
2908.15 197.076
2965 197.24
2965 198
3036.14 197.446
3115.7 197.675
3117 197.786
3117 200
3139.78 199.726
3143 200
3143 199.687
3234.31 198.589
3366.5 197.98
3386 199
3386 197.89
3413 197.766
3413 199
3475.74 197.477
3529.9 197.227
3588.59 197.321
3630 200
3630 197.388
3730 197.549
3730 200
3820.36 197.694
3851 197.743
3851 198
3887.02 197.801
3895 197.814
3895 199
3905.36 197.83
3925 197.862
3925 198
3942.4 197.89
4011 198
4011 197.455
4074 197.056
4074 199
4244.39 196.598
4333 200
4333 196.256
4405.33 195.989
4435 196.139
4435 200
4468 197.951
4468 198
4489.96 196.588
4492.52 196.429
4576 196.85
4576 200
4738.25 197.726
4752 197.805
4752 198
4775.96 197.944
4934.77 198.86
4937 199
4937 198.873
4938.3 198.881
4984 200
4984 198.554
5019.76 197.414
5074 200
5074 197.243
5131 197.11
5131 198
5163.09 197.112
5237 199
5237 196.861
5333 196.635
5333 198
5448.34 198
5453 199
5453 198
5514 198
5514 199
5640.29 198
5667 198
5745.96 198
5749 200
5749 198
5833.57 198
5931 200
5931 198
6064 198
6396.94 198
6414 200
6414 198
6498 198
6542 198
6586 198
6586 200
6701 198.871
6701 199
6716.62 198.717
6745.48 198.434
6762 198.835
6762 200
6802.63 199.821
6810 200
6810 199.789
6967 199.098
6967 200
7005.34 198.929
7216.54 198
7544 198
7586.2 198
7656 200
7656 198
7699.12 198
7717 199
7717 198
7724.33 198
7750 199
7750 198.059
7801 198.383
7801 199
7818.61 198.495
7834 198.593
7834 200
7930 198.998
7930 199
7940 198.969
7940 199
7941.22 198.965
8195.49 198.164
8235 200
8235 198.04
8247.74 198
8349 198
8349 199
8352 198.882
8352 200
8414.92 198
8594 198
8634.83 198
8651 198.519
8651 199
8662.77 198.896
8666 199
8666 198.868
8679.5 198.749
8685 200
8685 198.7
8707.51 198.502
8739 199
8739 198.49
8749 199
8749 198.136
8764.39 198
8765 198
8815.66 198
8830 198.072
8830 199
8833 198.867
8833 200
8892.23 199.511
8901 200
8901 199.439
8975 198.828
8975 200
9208.67 198.233
9386 199
9386 198
9415 198
9415 200
9435.94 198.006
9493 198.256
9493 200
9547.61 199.563
9561 200
9561 199.456
9589.98 199.224
9600 200
9600 199.144
9633.9 198.873
9663 199
9663 198.738
9689 199
9689 198.432
9723.63 198.155
9778 198.769
9778 199
9786.77 198.868
9887 200
9887 198
10010.1 198
10113 200
10113 198
10142 198
10169 198
10171 198
10171 199
10172.4 198
10179 198
10216 198
10216 199
10282.9 198
10322 198
10322 199
10407 198.651
10407 199
10462.8 198.898
10526.9 199.545
10532 200
10532 199.596
10572 200
10572 198.948
10575 199
10575 198.895
10584 199
10584 198.676
10596 198.654
10596 199
11095.2 198.425
11161 199
11161 198.349
11184 198.323
11184 200
11192 199.175
11192 200
11204.9 199.968
11205 200
11205 199.968
11377 199.542
11383 200
11383 199.527
11698.4 198.745
11736 200
11736 198.652
11859.2 198.347
11865 198.476
11877 199
11877 198.74
11934 200
11934 198.162
11964 198.088
11964 199
12070.9 198.476
12075 199
12075 198.456
12187.2 197.907
12250 197.891
12250 198
12254.3 197.89
12310.3 197.877
12312 198
12312 197.876
12314 197.876
12314 199
12337.6 197.87
12427 197.848
12427 198
12430.7 197.847
12451 197.842
12451 200
12538 198.88
12547 199
12547 198.764
12621.8 197.801
12677 197.787
12677 199
12712.9 197.779
12722 197.776
12722 199
12769.1 198.364
12843 200
12843 199.726
12851 200
12851 197.745
12944 197.722
13071 200
13071 198.108
13213.6 198.578
13243 198.947
13243 199
13243.5 198.953
13327 200
13327 198.952
13601.6 199.857
13607 200
13607 199.875
13645 200
13645 197.938
13691 198
13691 197.541
13748 197.527
13773 198
13773 197.521
13780 197.519
13780 199
13882 197.494
13908 197.488
13908 198
13935.1 197.481
13959 197.475
13959 198
13987.6 197.468
14247.1 197.405
14259 200
14259 197.449
14338 199
14338 197.383
14599 197.32
14599 198
14604.3 197.318
14619 197.315
14619 198
14634 197.561
14634 200
14703.9 197.294
14732 197.287
14732 200
14879 197.957
14879 199
14931.8 197.996
14946 198.08
14946 200
15024.9 198.549
15101 199
15101 198.446
15147 199
15147 197.844
15178 198
15178 197.179
15188 197.176
15188 198
15231.5 197.166
15361.9 197.134
15437.4 197.951
15464 199
15464 197.109
15490 197.103
15490 198
15541 197.486
15541 200
15651.4 198.627
15683 199
15683 198.233
15722.6 197.741
15736 198
15736 197.611
15819 198.069
15819 200
15993 199.388
15993 200
16046.3 199.2
16141 198.867
16141 199
16150.2 198.834
16175 198.747
16175 200
16178 199.887
16178 200
16300.4 198.306
16426.3 197.863
16427 198
16427 197.86
16460 197.744
16508 197.912
16508 200
16624.2 198.456
16663 199.569
16663 200
16668.5 199.727
16678 200
16678 199.255
16692.1 198.557
17104 200
17104 196.71
17105 196.71
17105 198
17128.9 196.803
17170 197
17170 196.694
17199.2 196.687
17219 197.966
17219 200
17363 199.892
17365 200
17365 199.891
17865.6 199.516
17873 200
17873 199.511
17899.3 199.491
17919 200
17919 199.477
17946.3 199.456
17977 200
17977 199.433
18016 199.404
18016 200
18044.2 199.383
18109 199.334
18109 200
18116.8 199.329
18306 199.187
18306 200
18367.4 199.141
18495 199.046
18725 200
18725 198.874
18859 198.774
18859 199
18881.4 198.757
19266 198.469
19266 199
19305 198.808
19305 200
19312 198.774
19380.6 198.437
19437 200
19437 198.341
19506 198.29
19506 199
19614.8 198.506
19631 199
19631 198.432
19635.5 198.411
19701 200
19701 198.43
19814.9 198.605
19831 199
19831 198.63
19885.1 198.713
19903 199
19903 198.74
20072 199
20072 197.867
20072.2 197.866
20081 198
20081 197.86
20205 197.767
20205 198
20206.1 197.766
20219.3 197.756
20226 198
20226 197.751
20278 197.713
20278 198
20287.2 197.706
20306 197.692
20306 200
20412.2 198.751
20597 198.277
20597 200
20685.7 198.05
20760.1 197.859
20763 198
20763 197.851
20789 197.785
20789 199
20831.2 198.002
20834.5 198.003
20924 200
20924 198.027
21080.4 198.071
21098 200
21098 198.075
21162.8 198.093
21183 198.667
21183 200
21213.7 199.539
21230 200
21230 199.294
21256 198.904
21256 200
21269.5 198.7
21277.9 198.574
21330.5 198.812
21411 199.745
21411 200
21414.8 199.789
21433 200
21433 199.274
21555.6 199.827
21563 200
21563 199.86
21594 200
21594 198.212
21619 198.219
21619 200
21698 199.575
21698 200
21712.7 199.496
21720 199.457
21720 200
21720.2 199.456
21934.2 198.305
21949.9 198.31
21985 199
21985 198.319
21986 198.319
21986 200
22247.7 199.235
22261 200
22261 199.196
22329 198.998
22329 200
22375.9 198.861
22437.1 198.682
22471 198.724
22471 199
22479.4 198.735
22585.3 198.867
22598 199
22598 198.883
22674.6 198.978
22698 200
22698 199.007
22700.5 199.011
22753 200
22753 199.076
22884 199.24
22884 200
22922.5 199.288
22936 199.305
22936 200
22979.4 199.359
22993 199.376
22993 200
23113.5 199.526
23493 200
23493 198.869
23494 198.856
23494 200
23568.2 198.755
23610 198.766
23610 199
23620.8 198.769
23640 198.774
23698 198.973
23698 200
23719.5 199.047
23998 200
23998 198.873
24105 198.902
24105 200
24170.3 198.92
24228 198.936
24228 199
24234.2 198.938
24255.7 198.944
24256 199
24256 198.944
24301 198.956
24301 200
24378.5 198.977
24453 198.998
24453 200
24474.4 198.836
24653 198.886
24656 199
24656 198.887
24748 198.913
24748 200
24939 198.968
25053 199
25053 198.896
25099 198.955
25099 199
25101.1 198.957
25118 198.979
25118 200
25189.7 199.347
25210 200
25210 199.162
25216.4 199.104
25444 199.393
25444 200
25475.2 199.433
25750.7 199.782
25763 200
25763 199.798
25772 199.809
25772 200
25785.8 199.827
25922 200
25922 198.195
25954 198.162
26089 200
26089 199.404
26113 200
26113 198.75
26134.6 198.596
26157 199
26157 198.435
26235.6 197.873
26273.2 197.834
26312 198
26312 197.794
26342.1 197.763
26460 198.784
26460 200
26571 197.684
26571 198
26640.9 197.515
26676.3 197.496
26692.2 197.819
26703 200
26703 198.019
26768 200
26768 197.446
26852.3 197.401
26861 197.63
26861 199
26871.4 197.906
26875 198
26875 197.532
26876.4 197.388
26895.8 197.377
26900 199
26900 197.375
26928.1 197.36
26974 199
26974 197.335
27066.2 197.286
27095 198.241
27095 199
27116.2 198.944
27148 200
27148 198.861
27162.9 198.821
27186 200
27186 198.761
27212 198.692
27212 200
27243.4 198.61
27317 198.416
27317 200
27370.9 198.31
27483 199
27483 197.98
27603.4 197.663
27610 197.684
27610 198
27634.6 197.761
27711 198
27711 197.481
27830 200
27830 197.084
27833 197.106
27833 198
27857.2 197.739
27879 199
27879 197.503
27882.2 197.469
27930.6 197.827
27967.7 199.338
27970 200
27970 199.431
27984 200
27984 198.573
28003 199
28003 196.781
28016.4 196.774
28104 199
28104 196.727
28117 196.72
28117 198
28219 196.987
28219 200
28355.5 197.429
28362 197.665
28362 200
28402.2 199.133
28426 200
28426 198.62
28494 197.154
28494 199
28580.5 197.878
28638 198.583
28638 199
28649.3 198.721
28672 199
28672 198.157
28706.6 197.3
28905 198.34
28963 200
28963 198.644
29031 199
29031 198.527
29063 198.756
29063 199
29072.7 198.826
29097 199
29097 198.39
29107.4 198.203
29121 198.255
29121 200
29167.1 198.432
29183 198.493
29183 200
29185.7 198.504
29192 198.528
29192 199
29201 198.912
29201 199
29208.9 198.835
29226.7 198.661
29229 198.67
29239 199
29239 198.708
29253 198.762
29253 199
29263.2 198.801
29315 199
29315 197.8
29323.9 197.713
29391 198
29391 197.058
29394.3 197.026
29512 199
29512 197.119
29720.2 197.824
29723 198
29723 197.833
29853 198.274
29853 200
30095.1 199.914
30105 200
30105 199.91
30262.3 199.854
30271 200
30271 199.851
30314.5 199.836
30363 200
30363 199.819
31113.2 199.552
31116 200
31116 199.551
31405 199.448
31405 200
31414.5 199.445
31563 199.392
31563 199.393
31563 200
31566.5 199.931
31567 200
31567 199.922
31594.7 199.381
31672 199.353
31672 200
31678 199.351
31724.3 199.335
31770 200
31770 199.318
31951 199.254
31951 200
31968.4 199.766
31976 200
31976 199.664
32008 199.234
32139 199.187
32139 200
32143.3 199.186
32291 199.133
32291 200
32343.3 199.115
32439.9 199.08
32493 200
32493 199.061
32523 199.051
32523 200
32585.7 199.028
32642.7 199.008
32677 200
32677 198.996
32729.1 198.977
32885 200
32885 198.922
32894 198.919
32894 200
32901.5 198.916
33066 198.858
33066 200
33067.7 198.857
33106 198.843
33106 199
33150.6 198.828
33186 198.815
33186 200
33227.1 198.8
33428.6 198.729
33455 200
33455 198.719
33466.3 198.715
33467 199
33467 198.715
33549.1 198.686
33571 200
33571 198.678
33718.6 198.626
33991 199.697
33991 200
34014.5 199.789
34068 200
34068 199.309
34109.7 198.935
34123 199.348
34123 200
34141.8 199.933
34144 200
34144 199.926
34249 199.554
34249 200
34344.2 199.216
34358.3 199.166
34430 200
34430 198.912
34599.2 198.312
34826 198.232
34826 199
34837.2 198.228
34837.4 198.228
34959 200
34959 198.185
34981.4 198.177
34994 198.367
34994 199
35011.6 198.633
35036 199
35036 198.157
35069 198.145
35069 200
35083 199.846
35083 200
35107.1 199.58
35243.1 198.084
35321.8 198.056
35342 199
35342 198.048
35443 198.012
35443 200
35504.7 197.737
35516 198
35516 197.323
35516 198
35591.2 196.934
35599 197
35599 196.823
35632 196.356
35632 197
35674 196.313
35674 200
35724 198.859
35724 199
35743.4 198.672
35746 199
35746 198.628
35849.4 196.881
35930.5 196.817
36008 198
36008 196.756
36257 196.559
36257 199
36318 198.217
36320 199
36320 198.191
36417.2 196.941
36459 197.337
36459 198
36483.4 197.834
36531 198.85
36531 200
36666.5 199.485
36707 200
36707 199.331
36713 199.308
36713 200
36718.7 199.287
36758 199.137
36758 200
36784 199.713
36784 200
36788.7 199.662
36866.6 198.803
36881 200
36881 198.669
36971.6 198.325
37041 200
37041 198.392
37231.8 199.294
37252 200
37252 199.39
37381 200
37381 198.329
37578 200
37578 198.382
37655.4 198.409
37835 200
37835 198.473
37858.4 198.481
37888 200
37888 198.491
37904 198.497
37904 200
38356 199.807
38356 200
38375.8 199.799
38494.1 199.748
38531.2 199.855
38533 200
38533 199.86
38563 199.946
38563 200
38568.7 199.962
38582 200
38582 199.872
38583 199.865
38587 200
38587 199.838
38607.4 199.7
38667.2 199.675
38686 200
38686 199.667
38814.3 199.612
38834 200
38834 199.604
38870 199.588
38870 200
38874.4 199.586
39092.5 199.493
39101 200
39101 199.49
39246.9 199.428
39250 200
39250 199.426
39250.3 199.426
39274 200
39274 199.416
39457.7 199.338
39517 200
39517 199.312
39570.2 199.29
39605 200
39605 199.275
39688 199.24
39688 200
39702.7 199.233
39792 199.195
39792 200
39976.9 199.911
39981 200
39981 199.909
40473.3 199.672
40487 200
40487 199.665
40506 199.656
40506 200
40557.6 199.631
40598 199.612
40598 200
40633.5 199.594
40681 199.572
40681 200
40689.8 199.567
40696.9 199.564
40704 200
40704 199.56
40791.7 199.518
40821.3 199.529
40884 200
40884 199.551
41019 199.599
41019 200
41044.5 199.608
41269.6 199.687
41280 200
41280 199.691
41311 199.702
41311 200
41322.1 199.706
41491 199.766
41491 200
41527.5 199.778
42030 199.956
42030 200
42033.1 199.957
42154 200
42154 198.281
42160.9 198.185
42366 198.098
42366 199
42430.7 198.07
42501.8 198.04
42510 199
42510 198.037
42654.8 197.975
42677.2 198.736
42690 200
42690 197.96
42703 197.954
42703 199
42704 198.928
42704 200
42738 199.889
42738 200
42742.8 199.873
43046 198.881
43046 199
43055.7 198.849
43254 198.2
43254 199
43364 197.848
43364 200
43632.2 197.558
43715 197.523
43715 199
43716.6 198.978
43717 200
43717 198.973
43805.2 197.782
43839.2 197.981
43840 198
43840 197.986
43949 198.626
43949 199
43953.4 198.652
44011.7 198.994
44012 199
44012 198.996
44183 200
44183 198.336
44221 199
44221 197.885
44270 197.931
44270 200
44441.3 199.478
44447 199.555
44447 200
44461 199.743
44480 200
44480 199.393
44482.2 199.353
44611 198.96
44611 199
44613.6 198.952
44699 198.691
44699 199
44725.5 198.61
44737 198.575
44737 199
44745.4 198.55
44788.2 198.419
44804 198.434
44804 200
44863.5 198.56
44908 199.674
44908 200
44914.7 199.842
44921 200
44921 199.693
44967.7 198.588
45280 198.882
45280 199
45286 198.888
45297.6 198.899
45306 199
45306 198.907
45858 199.427
45858 200
45901 199.873
45901 200
45914.9 199.831
45923 199.808
45923 200
45932.1 199.781
46005 199.565
46183 199.733
46183 200
46199.8 199.748
46356 199.895
46356 200
46360.3 199.899
46377.7 199.916
46380 200
46380 199.918
46391.5 199.929
46396 200
46396 199.933
46467 200
46467 198.769
46471 198.78
46471 199
46471.5 198.781
46497.9 198.85
46499 199
46499 198.853
46555 199
46555 197.937
46671.4 197.592
46692 197.733
46692 199
46732 198.425
46732 200
46806 199.73
46806 200
46813.3 199.703
47029 198.915
47029 199
47035.7 198.891
47058 198.809
47058 199
47091.3 198.784
47092 200
47092 198.78
47122.7 198.581
47146 199
47146 198.488
47317.3 197.862
47324 197.874
47324 199
47386.9 197.99
47686 198.54
47686 199
47702.6 198.571
47867 198.873
47867 199
47882.4 198.901
47936 199
47936 198.557
48001 198.14
48001 199
48003.9 198.122
48085.6 197.597
48123.1 197.649
48162 199
48162 197.703
48339.9 197.951
48432 200
48432 198.078
48478 198.142
48478 199
48520 198.288
48520 200
48626.3 198.348
48689 198.436
48689 199
48706.4 198.46
48755.2 198.528
48906 199.691
48906 200
48911 199.73
48946 200
48946 198.793
48988 198.851
48988 200
49040.4 199.273
49059 200
49059 199.015
49063.3 198.956
49140.2 199.062
49419.2 199.962
49423 200
49423 199.974
49431 200
49431 199.466
49540 199.618
49540 200
49551.2 199.634
49580 199.673
49580 200
49620.3 199.729
49815 200
49815 198.422
49837.4 198.272
50127 199.965
50127 200
50127.7 199.969
50133 200
50133 199.722
50167.9 198.108
50229 196.946
50232.1 196.944
50233 197
50233 196.944
50236.3 196.942
50253.3 197.144
50276 199
50276 197.528
50301 198.039
50301 200
50305 198.121
50397 200
50397 197.964
50489 197.927
50489 199
50595.5 198.029
50675 200
50675 197.851
50717.5 197.833
50737 197.97
50737 200
51066.7 199.441
51143 200
51143 199.311
51276.7 199.084
51279 200
51279 199.08
51474 198.75
51474 199
51474.4 198.749
51531 198.653
51531 199
51536.9 198.643
51647 198.456
51647 199
51749 198.514
51749 199
51776.3 198.384
51824.3 198.155
51888.3 198.047
52025 200
52025 197.815
52097.4 197.692
52111 198
52111 197.706
52194 200
52194 198.821
52199.7 198.79
52261 200
52261 198.467
52294.6 198.29
52329 199
52329 198.559
52495 200
52495 197.232
52501 197.201
52501 198
52538.7 197.09
52551 197.085
52562.7 197.272
52581 198
52581 197.564
52666.3 198.925
52668 199
52668 198.952
52671 199
52671 198.715
52690 199
52690 197.179
52700.6 197.242
52703 197.282
52703 198
52735.9 197.819
52747 198
52747 197.758
52767.6 197.644
52843 198.097
52843 199
52878.7 198.311
52922 198.571
52922 199
52944.3 198.705
53160 200
53160 198.744
53372 197.936
53372 199
53431 199
53431 200
53586.7 199
53749 199
53749 200
53875.7 199
54282 199
54338.9 199
54400.9 199.607
54411 200
54411 199.706
54437.6 199.966
54440 200
54440 199.99
54441 200
54441 199
54680.1 199
54725 200
54725 199
54731 199
54749.7 199
54811 200
54811 199
54838.7 199
54884 200
54884 199
54951 199
54976 199
55179 199
55410 199
55498 199
55516 199
55860 199
56023.7 199
56061 200
56061 199
56099 199
56283 199
56329 199
56329 200
56358.8 199
56598 199
56598 200
56617 199.672
56617 200
56617.2 199.669
56656 199
56715 199
56717 199.052
56717 200
56734 199.488
56754 200
56754 199
56802.9 199
56816.7 199.205
56851 200
56851 199.717
56870 200
56870 199
57085.7 199
57213 199.541
57213 200
57230.5 199.616
57321 200
57321 199.422
57360 200
57360 199.955
57363 200
57363 199.187
57404 200
57404 199
57540 199
57647 199
57732 199
57749 199
58118.7 199
58150 200
58150 199
58221 199
58290 199
58290 197.751
58300.6 197.56
58332 197.59
58332 200
58399.3 198.602
58440 200
58440 197.759
58443 197.696
58459.4 197.712
58517 200
58517 197.767
58692 197.935
58692 200
58769 199.309
58769 200
58810 199.875
58810 200
58867 199.818
58867 200
58867.2 199.817
58940 199.584
58940 200
59077 199.148
59077 200
59102.7 199.065
59228 198.664
59228 200
59370 200
59433 200
59768 200
60047 200
60181 200
60342 200
60379 200
60469 200
60624 200
61123 200
61348 200
61833 200
61939 200
62043 200
62835 200
62883 200
63031 200
63088 200
63316 200
63456 200
63481 200
63496 200
63548 200
63761 200
63898 200
64691 200
65115 200
65987 200
66268 200
67330 200
67564 200
67594 200
67703 200
67726 200
67913 200
67966 200
67966 199.766
67969.1 199.753
68341 199.798
68341 200
68348 199.798
68539.9 199.822
68564 200
68564 199.825
68745.7 199.846
68751 200
68751 199.851
68769 200
68769 199.849
68782 199.851
68782 200
68788.3 199.852
68915 199.867
68915 200
69150 199.922
69150 200
69153.1 199.921
69208 199.902
69407 199.926
69407 200
69409.2 199.927
69841 199.979
69841 200
69841.5 199.979
70018 200
70018 199.685
70028 199.835
70028 200
70039 200
70085 200
70200 200
70397 200
70639 200
70890 200
70940 200
71255 200
71363 200
71488 200
71822 200
72157 200
72381 200
72382 200
72448 200
72510 200
72733 200
73172 200
73375 200
73531 200
73611 200
74210 200
74614 200
74899 200
75393 200
75495 200
75696 200
75725 200
76236 200
76370 200
76416 200
76837 200
76882 200
77135 200
77261 200
77456 200
77614 200
77705 200
77730 200
77860 200
77953 200
77968 200
78013 200
78071 200
78200 200
78309 200
78489 200
78489 199.616
78920.9 199.997
78921 200
78921 199.997
78924 200
78924 198.053
78982.7 197.523
79005 197.483
79079 198.884
79079 200
79131 199.867
79138 200
79138 199.849
79303.6 199.427
79377 200
79377 199.24
79740 198.314
79740 200
79761.7 198.35
79800 200
79800 198.161
79835.8 198.069
79857 199
79857 198.252
79930 200
79930 197.829
79965 197.74
79978 198
79978 197.707
80004 197.64
80004 200
80061.5 197.494
80107 197.378
80107 200
80241.4 197.691
80277 198.234
80277 199
80308.7 198.717
80393 200
80393 198.244
80394.6 198.255
80399 198.32
80399 199
80424.3 198.694
80445 199
80445 198.585
80458 198.67
80458 199
80491.3 198.889
80591.3 199.544
80612 200
80612 199.818
80615 200
80615 199.699
80661 200
80661 198.677
80815 200
80815 197.807
80843.3 197.713
80874 199
80874 197.61
80894 197.543
80894 198
80900.8 197.521
80922 197.45
80922 200
81002.9 197.398
81058 199
81058 196.995
81069 196.959
81069 200
81101.2 199.358
81104 200
81104 199.302
81252.2 196.346
81260 196.32
81260 200
81482.5 198.793
81547 200
81547 198.443
81592 198.199
81592 200
81815 198.015
82079.3 198.845
82081 199
82081 198.85
82145 199.051
82145 200
82175.1 199.146
82393 199.83
82393 200
82396.2 199.84
82447 200
82447 197.316
82472.9 196.029
82496 199
82496 195.385
82499.1 195.3
82587 195.223
82587 198
82605 197.547
82605 198
82638 197.563
82638 200
82710.1 196.848
82718 197
82718 196.505
82718.1 196.501
82722 196.449
82722 197
82836 196.001
82855 196.1
82855 198
82909.8 196.385
82919 196.433
82919 198
83004.3 197.014
83053.6 197.58
83064 198
83064 197.7
83064 199
83117 198.831
83117 199
83120.7 198.819
83152.5 198.717
83173 198.953
83173 199
83174.2 198.968
83249 199.827
83249 200
83256.5 199.913
83264 200
83264 199.825
83358.7 198.723
83401 198.943
83401 200
83446 199.36
83446 200
83446.9 199.347
83455.4 199.226
83604 200
83604 197.938
83606 198
83606 197.544
83625 198
83625 197.206
83644 197.145
83644 199
83743 197.722
83743 200
83906.2 196.587
83921 197
83921 196.621
83945 197.012
83945 200
83957 197.208
83999 197.894
83999 199
84025.4 198.326
84094 199.445
84094 200
84113.5 199.763
84128 200
84128 199.587
84247 198.142
84247 199
84292.6 197.589
84315.4 197.311
84325 197.579
84325 199
84347.9 197.519
84422 200
84422 198.136
84501 200
84501 198.567
84574 200
84574 198.175
84576 198.177
84599 198.278
84599 199
84605 198.304
84693.2 198.688
84694 199
84694 198.692
84994 200
84994 198.944
85080 200
85080 198.811
85150 198.899
85150 200
85194.7 198.956
85230 199
85230 198.131
85235.7 197.998
85307.9 197.821
85317 198
85317 197.798
85346 197.727
85346 198
85359.8 197.693
85395.6 197.605
85416 198
85416 197.554
85428 197.525
85428 199
85525.8 197.921
85532 198
85532 197.852
85587.1 197.244
85624.5 197.283
85634.4 197.562
85658 199
85658 198.219
85686 199
85686 197.97
85727 197.923
85727 200
85886.2 197.809
86034 200
86034 197.705
86159.7 197.835
86237 200
86237 197.914
86251 197.929
86251 198
86262.8 197.941
86668 198.359
86668 199
86742.8 198.436
86878 198.575
86878 200
86901 199.579
86901 200
87037.9 199.033
87063 199.041
87063 200
87112.1 199.058
87373 199.145
87373 200
87416.6 199.159
87458.1 199.173
87956.4 199.687
87963.5 199.896
87964 200
87964 199.911
87967 200
87967 199.698
88090.4 199.825
88101 200
88101 199.836
88260 200
88260 199.441
88325.9 199.464
88361 200
88361 199.475
88423 199.496
88423 200
88463.9 199.51
89700 199.923
89700 200
89701.6 199.924
89930 200
89930 199.137
90184 200
90184 199.419
90187 199.424
90187 200
90196.4 199.437
90363.3 199.674
90368 200
90368 199.681
90593 200
90593 199.134
90713 200
90713 198.469
90720 198.503
90720 200
90734.9 198.574
90977.6 199.727
90984 200
90984 199.758
91035 200
91035 198.486
91249.9 198.8
91302 200
91302 198.876
91306.7 198.883
91361 200
91361 198.962
91387 199
91387 198.211
91427 197.778
91427 199
91557.7 197.999
91794.4 198.931
91798 199
91798 198.945
91812 199
91812 197.461
91817 197.457
91817 200
91910 198.579
91910 200
91914.1 198.516
91956.5 197.869
91960 197.909
91960 198
91962.9 197.942
91968 198
91968 197.838
91975 197.696
91975 200
92089 198.442
92089 200
92676.9 199.087
92741 200
92741 198.987
92829 198.85
92829 200
92909.9 198.921
92921 199
92921 198.773
92926.6 198.699
92970 198.631
92970 200
93059 199.873
93059 200
93189.3 199.687
93554.7 199.166
94386 200
94386 199.885
94419 200
94419 199.881
94428 199.899
94428 200
94432 199.907
94479 200
94479 198.821
94498 198.382
94498 200
94525.6 198.391
94604 200
94604 197.673
94604.2 197.669
94670 197.576
94670 198
94694 197.934
94694 199
94707.1 197.899
94995.4 197.112
95073.7 197
95143 197
95162.1 197
95191 197.323
95191 200
95261.1 198.105
95280 198.315
95280 199
95306.5 198.611
95431 200
95431 197.119
95445 197.142
95445 199
95536 198.16
95536 200
95675.2 199.439
95683 200
95683 199.408
95897.8 198.542
95996 199
95996 198.147
95998 198.139
95998 199
96041 198.263
96041 200
96160.6 198.281
96512 198.841
96512 199
96519.6 198.853
96612 199
96612 197.196
96854 200
96854 198.221
97017.7 199.324
97057 200
97057 199.589
97118 200
97118 197.852
97210.4 197.817
97330 198.935
97330 199
97330.1 198.936
97337 199
97337 197.979
97371 197.971
97371 200
97404.1 197.964
97434.6 197.957
97472 199
97472 197.949
97487 197.946
97487 200
97524 197.937
97629 197.914
97629 200
97858.9 198.026
97893.3 198.292
97918 200
97918 198.483
98114 200
98114 197.806
98267 197.772
98267 199
98291 198.716
98291 199
98359 198.888
98359 200
98400.7 198.82
98600.7 198.491
98846 200
98846 198.402
98893.4 198.472
98914 198.582
98914 200
98980.1 198.936
98992 199
98992 198.745
98999.3 198.627
99253 199
99253 197.96
99286.1 197.931
99288 198
99288 197.929
99311 197.909
99311 198
99317.7 197.903
99446.7 197.789
99478.8 197.852
99485 200
99485 197.864
99558.6 198.008
99671 199.948
99671 200
99673.3 199.987
99674 200
99674 199.983
99697 199.853
99697 200
99705.2 199.806
99771 199.433
99771 200
99796.4 199.289
99899.4 198.705
99910 199
99910 198.696
99960.8 198.796
99966 199
99966 198.806
100065 199
100065 197.766
100107 197.527
100138 197.545
100192 199
100192 197.577
100444 197.723
100501 200
100501 198.391
100565 200
100565 197.794
100607 197.818
100616 198
100616 197.876
100664 198.344
100678 200
100678 198.48
100834 200
100834 197.95
100920 198
100920 197.183
101284 197.102
101342 199
101342 197.089
101667 197.017
101742 198.473
101791 200
101791 199.434
101820 200
101820 196.269
101894 197.692
101900 198
101900 197.808
101910 198
101910 197.775
101920 198
101920 196.051
102007 196.018
102112 196.561
102321 199
102321 196.084
102415 196.143
102543 199
102543 197.868
102585 199
102585 196.437
102642 197
102642 196.284
102678 196.306
102987 200
102987 196.498
103093 196.564
103628 199
103628 197.647
103733 200
103733 196.961
103896 197.062
103962 199
103962 197.103
104065 197.167
104155 199
104155 197.223
104596 197.497
104624 197.581
104637 198
104637 197.781
104650 198
104650 197.658
104764 198
104764 197.843
104819 198
104819 197.893
104867 198
104867 197.665
105253 197.904
105518 199
105518 198.069
105738 198.206
105767 199
105767 198.223
105770 198.226
105815 199
105815 198.253
106429 198.635
106450 199
106450 198.647
107018 199
107018 195.49
107078 197
107078 195.351
107330 199
107330 198.145
107456 200
107456 196.508
107817 200
107817 192.186
107996 192.718
108105 195
108105 193.041
108928 195.482
109214 199
109214 196.33
109777 198
109777 0
109773
21832442
