1 0
1 430
27 429.41
27 455
74 452.352
74 496
228 490.747
228 496
246.876 490.104
305 488.121
305 496
517 490.786
517 497
586 496.516
586 497
601.128 496.41
796 495.042
796 497
830.313 494.801
1032 493.386
1032 498
1231.04 492.35
1232 494
1232 492.323
1247.91 491.871
1288 491.59
1288 494
1319.39 491.37
1464 490.355
1464 495
1538.81 489.83
1721 488.551
1721 498
1823.54 491.883
1929 489.666
1929 491
1955.19 489.115
2112.73 485.803
2165 485.436
2165 487
2223 486.917
2223 494
2409 493.401
2409 499
2570 496.78
2570 499
2592.66 496.468
2834 493.14
2834 496
2845.19 492.986
2938.92 491.693
2942 491.684
2942 495
2999.21 491.499
3135.74 491.059
3179 491.905
3179 500
3267.46 493.634
3542 499
3542 489.75
3552 489.718
3552 496
3562 494.803
3562 499
3587 497.308
3587 498
3696.13 492.967
3792.15 492.932
3846 500
3846 492.912
3900 492.893
3900 494
3915.79 492.887
3953 492.873
3953 497
4031 493.485
4031 499
4249 495.565
4249 498
4306.66 494.656
4347 494.021
4347 498
5165 494.699
5165 500
5359.82 493.913
5487 493.4
5487 496
5488.43 493.394
5712.59 492.49
5718 496
5718 492.468
5782.42 492.208
5828.01 492.191
5963.63 495.195
6034 500
6034 493.017
6051.55 492.11
6273 492.029
6273 499
6489 490.336
6489 494
6511.24 491.658
6528 495
6528 489.893
6534.53 489.205
6655 489.518
6655 498
6751.81 489.771
6860.93 490.055
6876 492
6876 490.094
7117.37 490.723
7201 495
7201 490.941
7386 491.423
7386 497
7485.11 494.158
7508 497
7508 493.502
7511.36 493.406
7855 499
7855 493.439
7994 497
7994 493.007
8009.12 493.046
8180 494.192
8180 495
8200.44 494.329
8260.92 494.735
8291 496
8291 494.936
8401 495.674
8401 498
8503.85 496.364
8580 496.874
8580 498
8583.24 496.896
8862 498.765
8862 499
8892.6 498.97
8897 499
8897 498.966
10317.3 497.596
10323 498
10323 497.59
10572 497.35
10572 500
10646.8 497.278
11015 496.923
11015 500
11054 496.885
11191 496.753
11191 500
11232.3 496.713
11278.6 496.668
11314 498
11314 496.634
11703 496.259
11703 498
11890 497.681
11890 500
11915.3 497.638
12128.8 497.274
12137 500
12137 497.26
12301 496.98
12301 500
12308.4 496.968
12336 496.921
12336 499
12362.2 496.876
12539 496.574
12539 498
12552 496.552
12799 496.131
12799 499
13437 497.213
13437 498
13439.2 497.206
13487 497.072
13487 498
13503.3 497.231
13573 499
13573 496.831
13666 496.571
13666 497
13666.3 496.57
13673 496.551
13673 498
13710.7 496.446
13902 495.91
13902 499
13932.5 497.094
13941 498
13941 496.559
13953.7 495.765
14006 495.618
14006 498
14030.3 495.55
14362.1 494.621
14441 496
14441 494.4
14451 494.372
14451 496
14466.4 494.328
14832.6 493.303
14960 494.372
15141 498
15141 495.892
15392 498
15392 495.515
15476 498
15476 494.288
15621 497
15621 492.479
15667 492.434
15667 496
15685 492.417
15743 492.361
15743 500
15797.5 492.308
15905 492.205
15905 499
16510.9 496.205
16560 499
16560 495.978
17115 493.418
17115 495
17121.6 493.388
17129.6 493.351
17158 495.212
17158 499
17211.5 494.004
17286 497
17286 492.629
17441 491.914
17441 500
17653 495.054
17792 499
17792 497.777
17824 499
17824 493.393
17999 498
17999 492.905
18107 499
18107 494.228
18184 499
18184 496.766
18190 497
18190 496.966
18191 497
18191 488.455
18262 488.127
18262 493
18289.8 487.999
18321.8 487.851
18346 488.019
18346 498
18386.5 488.299
18534 489.32
18566 493
18566 489.542
18583 489.66
18583 498
18859 494.406
18859 499
19028 498.56
19028 500
19050.4 498.501
19449.5 497.461
19461 498
19461 497.431
19742 496.699
19742 500
19926 496.22
20065.7 495.855
20160 500
20160 495.61
20294 495.261
20294 497
20339.6 495.143
20923 499
20923 493.621
20971 493.496
20980 494.23
20980 497
20995.7 495.503
21051 500
21051 493.288
21368.7 492.46
21430 493.309
21430 494
21445.6 493.525
21548.7 494.952
21556 496
21556 495.052
21769 498
21769 492.673
21990 493.341
21990 500
22077 493.604
22144.3 493.807
22156 494.827
22178 497
22178 496.739
22181 497
22181 493.918
22208 494
22208 491.323
22326 500
22326 491.256
22382 491.376
22382 493
22417.9 491.453
22487.2 491.601
22534 493
22534 491.701
22567.8 491.773
22590 494
22590 492
22591 492.011
22591 499
22721.7 493.439
22773 494
22773 491.254
22784.4 490.769
22886 492.649
22886 498
22991 489.513
22995 489.549
22995 494
23126.2 493.737
23135 497
23135 493.72
23393.6 493.202
23622 495.294
23674 498
23674 495.771
23699 496
23699 492.59
23776 492.435
23776 494
23830.7 492.326
23948.9 492.089
23986 494
23986 492.015
24052.3 491.882
24073 498
24073 491.841
24390 491.206
24390 496
24478 494.527
24478 497
24488 495.572
24488 498
24528.8 493.677
24575 492.904
24575 499
24682.6 498.285
24707 500
24707 498.122
25360.7 493.775
25378.8 493.876
25402 498
25402 494.007
25465 494.36
25465 499
26309.3 499.098
26316 499.136
26316 500
26323.1 499.176
26470 500
26470 499.117
26594.5 499.131
26619 500
26619 499.134
26851 499.161
26851 500
26876.9 499.164
28741 499.381
28741 500
28746.9 499.382
29070 499.419
29070 500
29132.8 499.427
29291 499.445
29291 500
29303.4 499.446
30241 499.555
30251 500
30251 499.557
32253.3 499.79
32284 500
32284 499.793
33709.6 499.959
33712 500
33712 499.959
34007 499.993
34007 500
34007.4 499.994
34063 500
34063 499.184
34703 489.863
34703 491
34775.7 489.69
34778.4 489.698
35054 497
35054 491.951
35097 490.623
35097 491
35106 490.702
35106 499
35371 496.54
35371 497
35383 496.429
35454.6 495.764
35476 498
35476 495.566
35503.7 495.308
35509 495.465
35509 498
35641.7 494.028
35777.9 492.763
35785 499
35785 492.698
36068 490.071
36068 492
36178.2 489.048
36231.9 488.55
36246.7 488.598
36299 491
36299 489.333
36314 490.815
36314 493
36380.6 489.034
36398 489.091
36398 490
36405 489.536
36405 500
36636 493.773
36636 497
36826.2 492.05
37116 494.186
37116 496
37140 494.387
37140 500
37170.3 494.587
37305 495.579
37305 498
37311.3 495.626
37417.1 496.406
37515 498
37515 497.128
37637.3 498.029
37654 499
37654 498.152
37699.1 498.485
37701 499
37701 498.499
37769 499
37769 493.56
37773.9 493.57
38212 494.997
38212 497
38288.9 494.626
38423 494.901
38423 498
38473 495.432
38473 498
38501 495.061
38755.8 495.583
38758.3 495.609
38797 500
38797 496.554
38808 497
38808 495.69
39022 496.129
39022 500
39130.1 496.351
39136 496.363
39136 497
39157.7 496.407
40260 498.667
40260 499
40264.7 498.677
40523 499.207
40523 500
40648.6 499.813
40650 500
40650 499.811
40747 499.666
40910 500
40910 499.423
41226.3 498.951
41614 498.901
41614 500
41749.2 498.884
42033.7 498.847
42035 500
42035 498.847
42703 498.761
42740 500
42740 498.756
43079 498.713
43079 499
43097.5 498.71
43694 498.634
43694 499
43696.7 498.633
43698.4 498.633
43711 500
43711 498.631
43814.2 498.618
43836 499
43836 498.615
44915.2 498.477
45299.5 498.962
45309 500
45309 499.158
45322 500
45322 498.99
45330 499
45330 498.423
45516.9 498.399
45538 500
45538 498.397
46368 498.29
46368 500
46740.9 498.45
46753 499
46753 498.4
46792.7 498.235
47244 498.177
47251 499
47251 498.176
47370.6 498.161
47385 500
47385 498.159
48108 498.066
48108 499
48141.4 498.062
48624 498
48624 497.478
48771 499
48771 495.734
49025 500
49025 488.959
49170.6 488.354
49287 496
49287 493.885
49303 495
49303 490.236
49312 490.369
49312 491
49319.3 490.478
49346 490.873
49346 494
49398.6 491.653
49422 492
49422 490.607
49502.8 486.998
49503.8 486.97
49564.5 486.718
49575.4 486.989
49630 493
49630 488.342
49979 497
49979 491.839
50037.9 493.252
50122 498
50122 495.272
50194 497
50194 493.37
50232 495
50232 489.523
50363 491
50363 487.943
50428.4 487.528
50458 491
50458 487.341
50505 487.043
50934 498
50934 494.859
50943 495.41
50943 499
50976 497.93
50976 498
50978.9 497.836
51041.6 495.804
51082 497
51082 494.494
51093 494.138
51093 496
51096.4 494.028
51130.4 492.925
51161.9 492.843
51184 496
51184 492.785
51437.8 492.118
51450 492.573
51450 494
51478.6 493.638
51502.9 494.543
51601 500
51601 492.085
51607.3 492.006
51622 493
51622 491.819
51640.4 491.586
51665 491.521
51709.4 492.44
51719 496
51719 492.64
51834.9 495.043
51847 496
51847 495.294
52074 500
52074 490.447
52080.4 490.431
52119 496
52119 490.329
52221 490.061
52221 493
52250.8 490.37
52260 491
52260 489.959
52397 489.599
52397 497
52550.7 490.679
52641 496
52641 488.959
52713 488.769
52833 493
52833 488.454
52932.3 488.193
53015 488.521
53015 491
53064.3 488.717
53083.1 488.792
53090.4 488.865
53111 489.63
53111 498
53186 497.726
53186 499
53186.7 497.723
53316.7 497.248
53364 499
53364 497.076
53499.2 496.582
53528 498
53528 496.476
53582 496.279
53582 497
53590.1 496.25
54304.8 493.638
54396 494
54396 493.305
54555 492.724
54555 495
54577.2 494.938
54617 500
54617 494.828
54702.5 494.59
54722 497
54722 494.536
54849.9 494.18
54885 496
54885 494.083
55064.4 493.584
55136 496.927
55136 500
55375 498.165
55383 499
55383 498.103
55408.8 497.905
55458 499
55458 497.528
55462.3 497.495
55479 499
55479 497.366
55503 497.182
55503 500
55505.7 497.161
55790 494.978
55790 497
55792 496.951
55792 498
55800.4 496.747
55861.6 495.25
55991.9 493.762
56014 496
56014 494.701
56023.6 494.125
56064 496
56064 494.197
56089 494.557
56089 495
56096.5 494.689
56105 495
56105 494.787
56153.3 495.483
56167 499
56167 495.68
56412.8 499.22
56421 500
56421 499.338
56467 500
56467 492.492
56685 496
56685 491.673
56695.7 491.935
56770 495
56770 493.756
56851 495.741
56851 496
56857 495.887
56922 497.481
56922 499
56958.3 498.371
56984 499
56984 497.928
57065.9 496.51
57127 498
57127 495.913
57133.5 495.341
57259 493.171
57259 500
57416.5 496.519
57449 498
57449 495.8
57541.4 493.757
57547 500
57547 493.634
57579.1 492.924
57602 494
57602 492.418
57634.7 491.695
57747.7 495.216
57752 498
57752 495.351
57837 498
57837 493.529
57883 493.955
57883 500
58011.6 495.145
58260.2 497.446
58274 500
58274 497.574
58313 497.936
58318 499
58318 497.981
58320 498
58320 492.687
58358 495
58358 492.745
58377.6 492.836
58428 493.917
58428 500
58501 497.508
58501 499
58551.2 496.56
58665 499
58665 496.631
58722 498
58722 495.552
58751.9 495.159
58942 499
58942 492.838
59072 491.525
59072 498
59098.4 491.259
59123 491.01
59123 497
59219 490.411
59219 499
59519.1 495.223
59562 497
59562 494.683
59661.6 493.43
60017 498
60017 491.866
60034 492.216
60133 499
60133 492.525
60192 499
60192 490.789
60202 490.889
60202 499
60498.7 493.834
60507 493.917
60507 498
60710.8 495.998
60748 498
60748 496.309
61019 499
61019 492.972
61178.4 491.406
61247 495
61247 491
61275 491
61412 496
61412 491
61428 491
61428 497
61521.5 491
61758 491
61758 500
61876 497.778
61876 499
61894.3 497.433
61986.1 495.704
62050 500
62050 495.744
62076 497
62076 494.012
62090.3 493.742
62091 497
62091 493.729
62235.9 491
62304 491
62304 495
62401.7 492.397
62426 495
62426 491.749
62427.6 491.707
62435 492
62435 491.509
62454.1 491
62593 491
62637 491
62637 493
62659.9 491.069
62925 497
62925 491
63257.8 491
63274 494
63274 491
63276.7 491
63325 498
63325 491
63386 491
63386 498
63981 491.338
63981 500
64357.5 492.065
64427 494
64427 491
64599 491
64599 499
64688.2 496.711
64707 499
64707 496.23
64753 495.05
64753 500
65270.7 494.524
65447 500
65447 493.791
65517 498
65517 491.918
65554.6 491.52
65567 492.097
65567 496
65604 495.473
65604 498
65616.2 495.299
65750 493.393
65750 499
65778 493.946
65778 500
65814.3 492.477
65824.8 492.327
65842 493.449
65842 499
65876.9 495.731
65881 496
65881 495.345
65926.5 491.085
66152 492.191
66152 499
66318 496.959
66318 497
66318.5 496.953
66550.8 494.097
66685.8 494.856
66700 496
66700 494.936
66704.5 494.961
66737 499
66737 495.144
66983 496.527
66983 498
67010 497.303
67010 498
67012 497.927
67012 499
67034.7 497.094
67041.3 496.854
67304.8 498.336
67385 500
67385 498.786
67423 499
67423 495.712
67787 498
67787 491
68066.9 491
68068 491.047
68068 497
68116 495.561
68116 498
68162 496.789
68162 497
68168.7 496.613
68315.3 492.751
68398 498.645
68398 499
68399.4 498.747
68417 500
68417 495.645
68433.4 492.745
68510 498
68510 494.659
68594 492.748
68594 499
68701 498.989
68701 500
68706 498.988
68746 498.984
68746 499
68747.1 498.984
68886 498.97
68886 500
68893 498.969
68918.4 498.967
68948 500
68948 498.964
68996.9 498.959
69062 500
69062 498.952
70325.7 498.822
70327 499
70327 498.822
71060.3 498.746
71063 500
71063 498.746
71803.8 498.67
71831 500
71831 498.667
72000.3 498.649
72011 500
72011 498.648
74196 498.423
74196 499
74210.2 498.422
75080.1 498.332
75126 500
75126 498.328
75281 498.312
75281 499
75285.4 498.311
75345 498.305
75345 499
75360.2 498.304
75899 498.248
75899 499
75924.3 498.246
77116.1 498.123
77640 500
77640 498.069
77667.9 498.066
77707 499
77707 498.062
77902 498.042
77902 500
77906.9 498.041
78205.1 498.011
78230 499
78230 498.008
78310 498
78310 492.036
78406.3 492.089
78523 498
78523 492.154
78583 492.187
78583 499
78711 497.643
78711 500
78818 496.509
79084 493.689
79084 500
79170.8 492.768
79193.9 492.524
79231 492.544
79231 498
79332.5 492.6
79608.9 492.753
79616 493
79616 492.757
79750.6 492.831
79808 496
79808 492.863
79894 492.91
79894 494
79895.7 492.911
80161.8 493.058
80384.5 494
80437 499
80437 494.222
80672 495.216
80672 496
80691.6 495.299
81094 497
81094 496.502
81095 496.525
81095 500
81107.4 496.805
81160 498
81160 493.609
81203 493.633
81203 499
81246.2 493.657
81277 493.674
81277 496
81542 494.64
81542 495
81580.7 495
81627 497
81627 495
81639.8 495
81739 496
81739 495
81775 495
81946 495
81946 497
81963.6 495
82034.5 495
82039 496
82039 495
83049.1 495
83089 498
83089 495
83150.4 495
83214 500
83214 495.695
83224.6 495
83352.5 495
83444 496
83444 495
83509.5 495
83511 499
83511 495
83522.8 495
83614 497
83614 495
83680.2 495
83923 495.134
83923 499
83936 499
84267 499
84618 499
84618 500
84703.5 499
86304 499
86304 500
86313.2 499
86683 499
86853.1 499
86874 500
86874 499
87354 499
87506 499
87682 499
87682 500
87698.3 499
88102.8 499
88111 500
88111 499
88476 499
88609 499
88609 500
88620.1 499
89234 499
89994 499
90545 499
90612 499
90612 500
90622.5 499
90955 499
91110 499
91110 500
91159.3 498.398
91204 500
91204 498.489
91218 500
91218 496.495
91286 494.288
91393 496
91393 492.392
91498.2 492.425
91503 495
91503 492.427
91564.5 492.446
91600 494
91600 492.457
92409 492.71
92409 498
92590 492.89
92590 493
92591.3 492.855
92594.3 492.768
92624.7 492.778
92747 500
92747 494.333
92748 495
92748 493.459
92813 494.361
92813 498
92896 496.046
92896 499
92973 494.535
92973 497
93746.6 493.097
93842.3 497.197
93844 498
93844 497.271
93861 498
93861 496.729
93867 497
93867 492.49
93940.4 492.12
94002 498
94002 491.809
94166.9 490.977
94630 498
94630 489.199
94667 489.204
94667 494
94677 493.615
94677 496
94697.1 493.894
94727 499
94727 491.691
94748 490.882
94748 492
94775.7 491.2
94817 496
94817 490.012
94844.2 489.227
95142.6 489.265
95200 494
95200 489.958
95216.4 489.275
95312.8 489.287
95320 499
95320 489.288
95367 489.294
95367 498
95425 494.985
95425 499
95544.4 489.317
95833 489.355
96036 496
96036 489.381
96048.9 489.383
96089 490.693
96089 497
96264.7 494.571
96283 496
96283 494.317
96449 492.022
96449 495
96478.5 492.066
96725 495.036
96725 499
96783.1 495.736
96919 497.373
96953 499
96953 497.783
97038 498.807
97038 499
97039.1 498.82
97054 499
97054 496.373
97074.2 493.049
97077.3 492.853
97134 495
97134 489.523
97225 489.535
97225 494
97228 493.879
97228 498
97481.8 496.28
97510 498
97510 496.089
97940 493.175
97940 495
97941.5 493.165
98085 492.193
98085 493
98101.4 492.081
98167 491.637
98167 499
98209.4 491.349
98272 490.925
98415 500
98415 490.108
98419.4 489.927
98425 489.889
98425 496
98509.4 489.701
98533 489.704
98533 500
98871.6 489.748
98876.9 489.749
98911 492
98911 489.753
99034.9 489.769
99040 490.389
99040 499
99187.3 492.478
99204 496
99204 491.74
99247.9 489.797
99250.2 489.797
99257 496
99257 489.798
99375 489.813
99375 500
99525 489.833
99603 489.843
99603 498
99706 490.21
99706 492
99745.8 489.861
99794.1 489.868
99830 492
99830 489.872
99843 489.874
99843 493
99897 491.688
99934 493
99934 490.788
99940 490.642
99940 500
100131 492.339
100144 494.996
100144 497
100225 491.858
100615 493.911
100615 499
100682 495.765
100757 495.156
100757 499
100852 497.543
100852 498
100853 497.528
101250 491.443
101320 500
101320 493.393
101400 496.989
101400 500
101453 499.369
101467 500
101467 499.202
101651 497.017
101688 498
101688 496.571
101939 493.583
101939 495
101949 493.459
101953 493.415
102002 495
102002 492.833
102063 492.106
102068 492.245
102124 499
102124 491.381
102145 491.133
102256 497
102256 490.711
102323 490.929
102342 492.543
102342 499
102385 496.249
102394 497
102394 495.691
102457 491.657
102474 492.321
102474 499
102572 495.208
102572 497
102800 494.332
102804 494.465
102804 498
102888 493.29
102913 493.006
103115 497
103115 493.498
103137 493.569
103137 495
103201 493.778
103206 493.793
103206 500
103532 498.987
103532 499
103532 498.987
103927 497.759
103927 499
104720 498.805
104720 499
104723 498.804
104749 498.798
104811 499
104811 498.937
104819 499
104819 498.781
104840 498.775
104840 500
104860 498.77
105640 498.579
105672 500
105672 498.571
105911 498.512
105938 500
105938 498.505
106528 498.36
106553 500
106553 498.354
106727 498.311
106727 499
106735 498.309
107054 498.231
107082 500
107082 498.224
107669 498.08
107674 499
107674 498.078
107780 498.052
107780 499
107803 498.047
107895 498.024
108001 499
108001 490.644
108029 490.598
108032 490.622
108032 493
108059 492.644
108059 500
108162 491.587
108203 491.896
108210 492.952
108210 497
108424 492.079
108508 495
108508 490.158
108524 489.796
108598 489.676
108624 497
108624 489.633
108663 489.57
108663 499
109065 491.943
109080 491.91
109102 492.212
109131 499
109131 492.601
109245 494.152
109245 499
109336 495.385
109528 498
109528 493.566
109553 494
109553 491.116
109585 491.262
109585 498
109748 492.005
110227 494.191
110227 497
110280 494.433
110507 495.468
110507 496
110508 495.472
110518 495.519
110522 496
110522 495.536
110842 496.996
110916 500
110916 497.334
111062 498
111062 491.451
111126 489.923
111126 500
111349 498.72
111356 500
111356 498.679
111506 497.818
111530 499
111530 497.679
111709 496.651
111709 499
111715 496.615
111807 496.088
111807 499
111849 495.847
111990 495.036
111990 497
112002 494.966
112154 494.094
112154 495
112272 493.417
112513 492.032
112683 495.741
112741 500
112741 496.996
112879 500
112879 493.326
112881 491.917
113196 498.25
113196 500
113198 498.3
113283 500
113283 492.558
113299 487.515
113320 487.393
113322 487.395
113322 494
113410 492.454
113410 500
113743 487.871
113763 487.894
113783 489
113783 487.916
113845 487.986
113863 489
113863 488.006
113982 488.141
114008 489.769
114061 497
114061 493.058
114124 497
114124 488.301
114242 488.435
114242 493
114272 488.469
114280 488.478
114291 488.799
114291 490
114305 489.222
114431 493
114431 488.648
114546 488.778
114546 497
114569 489.974
114606 489.857
114606 491
114626 489.793
114640 489.748
114640 495
114648 489.724
114657 489.694
114657 494
114671 489.648
114769 489.337
114769 497
114864 491.196
114882 493
114882 490.118
114888 489.777
115007 489.509
115007 493
115024 490.077
115024 493
115069 489.579
115069 493
115072 489.373
115125 489.433
115125 493
115166 491.983
115166 495
115339 492.024
115354 495
115354 491.762
115467 489.819
115475 489.829
115475 491
115497 489.854
115498 489.855
115498 490
115498 489.855
115557 489.921
115557 495
115816 491.41
115884 493
115884 490.465
115896 490.304
115978 490.398
116056 493
116056 490.485
116091 490.525
116091 495
116184 492.208
116238 494
116238 490.691
116448 490.929
116448 497
116570 491.878
116570 496
116582 494.939
116582 497
116772 494.242
116775 495
116775 494.203
116823 493.507
116823 497
116938 492.513
116967 493
116967 491.515
116976 491.525
116976 495
117029 491.585
117168 491.742
117168 494
117186 491.763
117228 491.81
117228 498
117338 491.935
117346 491.944
117346 492
117346 491.944
117349 491.947
117349 497
117383 495.577
117383 496
117388 495.37
117467 492.08
117560 492.186
117609 493
117609 492.241
117632 492.267
117632 495
117660 493.76
117660 495
117785 492.44
117793 492.449
117849 496.55
117869 500
117869 492.535
117915 492.587
117915 497
117978 492.658
118025 492.711
118025 494
118030 492.717
118047 492.736
118047 496
118059 492.906
118314 498
118314 494.795
118326 495.457
118333 496
118333 495.869
118353 497
118353 493.3
118422 494.296
118422 497
118533 495.9
118540 496
118540 495.831
118659 494.653
118659 495
118847 493.641
118941 493.747
118941 498
118962 496.201
118962 500
119050 493.87
119165 494
119165 493.962
119239 495.425
119249 496
119249 495.624
119268 496
119268 490.602
119292 490.431
119342 493
119342 490.068
119384 489.764
119470 489.953
119480 490.17
119518 499
119518 490.058
119728 490.518
119790 494
119790 490.655
119927 490.956
119932 491
119932 490.967
120093 491.32
120105 495
120105 491.347
120140 491.424
120140 496
120151 491.447
120222 491.604
120346 497
120346 491.876
120448 492.1
120448 497
120526 493.528
120526 498
120559 492.398
120559 499
120619 492.476
120670 492.587
120670 499
120952 494.204
120952 495
121307 493.986
121478 494.362
121553 498
121553 494.526
121822 495.117
121839 496
121839 495.154
121960 495.42
122102 499
122102 495.732
122165 495.869
122167 496
122167 495.874
122173 495.887
122173 500
122243 496.042
122424 496.439
122468 499
122468 496.535
122650 496.935
122661 498
122661 496.959
123018 497.743
123018 499
123053 497.819
124025 499.954
124038 500
124038 499.982
124046 500
124046 496.03
124109 496.289
124246 499
124246 496.853
124341 497.243
124341 498
124359 497.318
124491 497.859
124522 500
124522 497.988
125011 500
125011 492.611
125120 492.829
125120 494
125155 492.898
125226 493.041
125251 493.766
125251 498
126026 496.756
126026 498
126040 496.734
126069 496.687
126069 500
126171 496.524
126254 496.391
126254 499
126348 496.602
126465 498.046
126465 500
126501 498.491
126540 498.973
126540 499
126541 498.981
126623 500
126623 496.592
126652 495.752
126861 495.417
126915 497
126915 495.33
127248 494.796
127248 499
127458 494.458
127819 493.879
127819 499
127892 495.331
127913 497
127913 494.298
127925 493.71
128081 493.459
128158 497
128158 493.335
128347 493.033
128360 499
128360 493.011
128367 493
128367 486.462
128428 491
128428 488.177
128458 489.208
128458 497
128495 490.47
128564 492.851
128564 499
128596 493.939
128772 500
128772 491.976
128789 493
128789 485.891
128928 486.28
128955 487.536
128955 498
129146 496.538
129220 500
129220 495.975
129483 493.965
129483 497
129511 493.75
129580 493.224
129580 497
129773 494.08
129773 495
129810 493.52
129818 493.402
129825 494
129825 493.293
130012 490.468
130080 491.691
130080 496
130538 490.861
130538 498
130631 491.078
130785 493
130785 491.466
130798 491.503
130798 494
130883 492.634
130902 500
130902 492.33
130930 491.873
131019 492.121
131022 500
131022 492.128
131120 492.402
131120 496
131213 492.662
131233 492.719
131401 499
131401 493.187
131704 494.032
131746 498
131746 494.151
131894 494.565
131910 495
131910 494.609
131916 494.627
132026 499
132026 494.933
132050 495
132050 488.526
132115 491
132115 489.898
132187 494
132187 489.792
132267 491
132267 488.821
132367 489.423
132367 500
132561 493.922
132561 494
132676 492.431
132676 496
132728 494.182
132728 500
132777 498.77
133124 496.437
133151 497.066
133151 499
133182 497.793
133191 498
133191 497.45
133237 495.679
133416 494.473
133416 495
133435 494.343
133469 494.117
133469 497
133493 494.159
133616 498.471
133620 499
133620 498.616
133631 499
133631 493.027
133669 492.771
133669 500
133807 493.303
133807 499
134004 494.327
134004 496
134045 493.901
134113 494.257
134113 495
134232 494.879
134367 495.581
134393 500
134393 495.718
134447 496
134447 494.661
134455 494.653
134480 497
134480 494.628
134721 494.383
134721 498
134756 494.347
134831 494.272
134837 495
134837 494.266
134871 494.231
134871 497
135080 495.815
135080 499
135279 496.014
135295 498
135295 495.774
135421 493.879
135455 493.687
135477 494.112
135477 499
135642 497.307
135729 499
135729 496.409
135748 496.211
135814 498
135814 495.535
135870 494.962
135877 497
135877 494.888
135889 494.764
135889 499
136135 492.948
136293 492.788
136293 493
136296 492.785
136321 492.76
136327 493
136327 492.754
136390 492.69
136390 497
136438 494.434
136461 496
136461 493.207
136472 492.607
136558 492.52
136563 494
136563 492.514
136585 492.492
136587 493
136587 492.49
136587 492.49
137122 496.979
137164 498.197
137197 500
137197 499.179
137225 500
137225 497.843
137227 497.863
137284 500
137284 498.338
137482 500
137482 491.582
137547 491.516
137595 495.158
137595 497
137958 492.371
137958 493
137962 492.324
137970 492.218
138047 495.254
138047 499
138082 496.621
138142 499
138142 492.484
138144 492.377
138367 493.038
138367 499
138406 493.155
138629 493.815
138634 494
138634 493.828
138643 493.855
138643 496
138667 495.406
138682 499
138682 495.018
138704 494.464
138704 497
138839 491.055
138856 490.641
138860 490.784
138951 495.974
138951 497
138959 496.452
138969 497
138969 495.822
138982 494.973
139041 497
139041 491.109
139058 489.983
139323 489.714
139417 498
139417 489.619
139478 489.557
139478 495
139489 489.546
139493 489.542
139493 499
139692 489.34
139747 489.284
139747 492
139770 490.919
139841 498
139841 489.189
139860 489.17
139860 490
139866 489.163
140097 488.929
140097 499
140317 498.726
140317 499
140322 498.72
140586 498.39
140613 499
140613 498.357
140784 498.144
140784 499
140792 498.134
141208 497.616
141208 498
141232 497.586
141833 496.837
141833 497
141839 496.83
141972 496.665
141992 498
141992 496.639
142369 496.169
142369 500
142379 496.157
142391 496.142
142391 498
142410 496.118
143143 495.205
143219 499
143219 495.11
143226 495.102
143226 496
143267 495.842
143267 498
143332 495.592
143527 494.837
143601 496
143601 494.635
143760 494.437
143812 500
143812 494.372
144315 493.744
144425 500
144425 494.192
144541 500
144541 493.463
144651 493.327
144682 497
144682 493.288
144789 493.154
144789 495
145204 495.147
145205 497
145205 495.148
145232 495.157
145277 498
145277 495.173
145349 495.199
145349 496
145373 495.207
145558 495.273
145616 499
145616 495.293
146042 495.445
146042 500
146107 495.468
146625 495.651
146625 497
146627 495.652
146748 495.695
146748 499
147046 495.801
147258 495.876
147258 498
147285 495.886
147331 495.902
147331 496
147332 495.902
147358 495.912
147487 500
147487 495.957
147534 495.974
147534 499
147656 496.017
147710 496.037
147762 499
147762 496.055
147888 496.1
147888 499
147897 496.103
148584 496.347
148629 499
148629 496.362
148631 496.363
148631 499
148661 496.374
148775 496.414
148775 498
148785 497.11
148785 500
148876 496.45
149193 496.563
149193 499
149216 496.571
149264 496.588
149264 499
149303 496.602
149393 496.633
149393 500
149723 497.999
149770 500
149770 497.712
149917 496.819
150395 496.989
150441 499
150441 496.9
150628 495.654
150628 496
150639 495.578
150687 495.261
150687 497
150703 495.156
150899 493.848
150899 498
151024 497.666
151038 499
151038 497.628
151259 497.037
151264 498
151264 497.023
151287 496.962
151287 497
151287 496.961
151504 496.38
151565 497
151565 496.217
151662 495.958
151662 496
151663 495.956
152006 495.037
152094 499
152094 496.377
152196 498
152196 494.529
152290 494.278
152418 497
152418 493.934
152712 493.147
152976 497.444
153053 500
153053 498.706
153071 499
153071 494.176
153164 495.566
153164 499
153178 495.772
153193 496
153193 492.202
153194 491.856
153309 491.55
153309 493
153337 491.473
153439 491.201
153477 491.181
153803 500
153803 493.814
153868 495
153868 490.978
153913 490.954
154027 495.798
154027 500
154064 497.376
154079 498
154079 496.34
154109 494.228
154132 494.813
154136 497
154136 494.921
154178 496
154178 492.35
154266 494.812
154284 499
154284 495.324
154415 499
154415 490.693
154633 490.579
154793 500
154793 494.985
154853 494.684
154853 498
154883 494.535
154984 494.029
155111 499
155111 493.392
155237 492.76
155237 499
155602 497.769
155610 499
155610 497.742
155871 496.861
155902 500
155902 496.758
155919 496.7
155919 499
156088 496.129
156250 495.585
156251 498
156251 495.581
156697 494.076
156782 495
156782 493.791
157318 491.983
157318 495
157341 494.035
157346 496
157346 493.804
157395 491.725
157418 491.646
157418 500
157476 494.343
157587 500
157587 494.756
157672 493.599
157798 494.983
157798 500
157835 495.389
157951 496.669
157951 497
157955 496.887
157955 498
158180 496.565
158251 500
158251 496.116
158670 493.449
158670 495
158698 494.215
158698 496
158699 494.2
158742 492.993
158991 491.405
158997 491.641
158997 499
159043 493.46
159183 499
159183 490.184
159349 489.124
159617 488.924
159617 495
159810 490.874
159869 490.825
159898 492
159898 490.802
159928 490.777
159928 493
159959 490.752
160110 490.629
160110 498
160392 490.398
160400 490.392
160400 497
160457 490.345
160465 490.339
160580 494.67
160639 499
160639 496.891
160695 499
160695 495.078
160754 492.217
160985 500
160985 489.915
161002 489.9
161007 489.996
161026 492.409
161026 493
161029 492.8
161069 498
161069 491.154
161178 493.206
161178 496
161271 494.959
161404 497.459
161404 499
161404 497.465
161539 500
161539 493.53
161752 495.545
161774 495.912
161774 499
161856 497.279
161960 499
161960 497.163
161977 498
161977 494.757
162001 494.248
162017 494.326
162039 495.246
162039 497
162059 496.056
162106 498
162106 494.782
162133 494.919
162133 500
162189 496.112
162251 500
162251 495.521
162264 495.589
162308 500
162308 495.811
162449 496.532
162485 499
162485 496.713
162901 498.833
162901 499
162904 498.847
163004 499.358
163004 500
163058 499.633
163130 500
163130 499.145
163631 495.747
163631 499
163768 494.818
163847 494.283
163849 497
163849 494.268
164036 492.999
164036 498
164076 496.651
164076 498
164198 495.765
164211 496.13
164242 500
164242 496.947
164244 497
164244 494.91
164281 494.226
164380 500
164380 492.409
164527 489.699
164534 489.69
164545 489.779
164612 498
164612 490.637
164895 499
164895 497.963
164903 497.663
164903 499
165878 492.499
165878 498
165916 493.662
165916 497
165928 492.272
165929 492.158
165976 491.846
165976 492
165976 491.846
165988 491.765
165989 493
165989 491.759
165994 491.728
166033 493.09
166094 498
166094 495.177
166109 495.693
166109 496
166112 495.805
166120 496.071
166120 497
166127 496.321
166147 497
166147 494.478
166169 492.419
166204 490.324
166295 489.719
166295 496
166442 488.736
166526 488.179
166526 496
166615 489.713
166624 490
166624 489.108
166639 488.061
166646 487.808
166667 488.728
166667 495
166737 491.766
166880 498
166880 496.507
166902 497.538
166905 498
166905 497.661
166934 499
166934 491.708
166965 491.006
166965 496
167021 489.731
167044 489.223
167058 489.598
167058 491
167060 491.001
167060 495
167133 491.55
167150 492
167150 491.066
167222 491.119
167222 497
167261 491.146
167453 491.285
167453 495
167463 491.293
167630 491.413
167630 497
167820 493.939
167820 500
167822 499.752
167822 500
168017 498.28
168017 500
168136 497.23
168458 494.386
168501 498.474
168501 499
168501 498.516
168506 499
168506 493.966
168659 492.616
168659 494
168671 492.51
168672 492.503
168811 495.98
168811 496
168812 495.998
168972 500
168972 495.615
169424 494.533
169424 496
169487 494.884
169487 500
169545 498.917
169553 500
169553 498.767
169759 494.917
169759 496
169760 494.897
169832 493.558
169980 493.204
169994 493.457
170126 499
170126 495.795
170160 496.399
170169 497
170169 496.557
170194 497
170194 493.266
170342 493.373
170342 496
170381 493.401
170431 493.438
170431 500
170440 493.444
170468 493.464
170626 500
170626 498.896
170645 498.567
170666 500
170666 498.204
170921 493.792
171152 493.959
171176 494.089
171203 495
171203 494.233
171283 494.662
171289 495
171289 494.694
171346 495
171346 492.088
171415 496
171415 489.885
171448 490.147
171448 491
171478 490.386
171633 491.617
171633 499
171659 491.822
171666 491.88
171674 494
171674 491.943
171721 492.318
171756 496
171756 492.595
171807 493
171807 491.979
171878 495
171878 489.278
171966 496
171966 488.451
172027 488.305
172027 497
172128 496.497
172128 497
172393 496.202
172393 498
172406 496.163
172601 495.576
172601 499
172732 495.182
172819 494.92
172854 498
172854 494.814
172894 494.694
172894 499
173071 494.18
173076 495
173076 494.146
173228 493.687
173232 495
173232 493.676
173276 493.544
173276 497
173281 496.871
173281 498
173446 493.032
173818 491.911
173850 493.876
173850 497
173883 496.322
173883 497
173912 496.805
173949 500
173949 496.562
174266 494.458
174266 498
174305 494.2
174375 493.736
174444 495
174444 493.277
174509 492.846
174509 494
174512 492.826
174627 492.066
174711 497
174711 493.163
174887 496.938
174888 497
174888 496.957
174890 497
174890 490.317
174939 489.989
174941 490
174941 489.979
175094 488.964
175156 493
175156 488.552
175223 488.108
175282 491.585
175282 498
175322 497.298
175322 499
175324 497.268
175366 496.526
175425 500
175425 496.732
175427 497
175427 496.285
175439 495.24
175623 492.011
175816 496
175816 488.774
175825 489
175825 488.466
175829 488.396
175829 499
175912 486.931
175979 485.762
175979 493
176064 492.556
176064 496
176084 492.448
176386 490.874
176444 492.256
176444 495
176454 492.505
176508 493.783
176538 496
176538 494.486
176644 497
176644 491.577
176665 492
176665 489.623
176956 499
176956 490.02
176966 489.59
176966 490
176972 489.327
177002 488.029
177206 490.967
177223 493
177223 491.219
177277 492
177277 489.232
177692 495.328
177692 497
177698 495.415
177728 495.857
177728 499
177811 497.074
177875 498.022
177912 500
177912 498.56
178010 500
178010 492.445
178057 491.353
178057 494
178063 491.218
178065 491.167
178163 497
178163 490.902
178185 491.695
178185 498
178308 496.129
178308 500
178593 495.629
178593 498
178607 497.811
178607 500
178660 497.088
178742 495.98
178797 500
178797 495.243
178929 493.459
178929 496
179239 494.342
179239 499
179455 493.188
179494 492.979
179494 493
179496 492.966
179591 492.462
179604 493
179604 492.39
179615 492.329
179716 495
179716 491.791
179767 491.519
179767 494
179775 493.375
179775 498
179827 491.224
179841 491.366
179841 492
179853 491.482
179901 491.965
179901 495
179908 492.036
179990 492.853
179990 496
180028 493.236
180052 493.47
180169 500
180169 494.639
180199 494.939
180199 495
180200 494.953
180235 495.297
180237 497
180237 495.318
180443 497.371
180479 500
180479 497.733
180606 499
180606 488.976
180678 488.967
180707 489.716
180707 491
180748 490.78
180941 495.808
180941 500
180965 499.104
180971 500
180971 498.869
181007 497.521
181011 497.621
181012 498
181012 497.657
181102 500
181102 493.931
181205 490.048
181205 493
181259 491.69
181259 496
181367 490.938
181367 491
181431 488.88
181477 488.875
181527 488.922
181527 492
181563 488.994
181579 491
181579 488.971
181591 488.982
181699 499
181699 488.849
181774 488.84
181774 489
181777 488.84
181907 488.825
181907 494
181982 493.563
181986 494
181986 493.542
182062 493.101
182062 496
182125 494.086
182125 497
182189 495.294
182189 497
182200 495.011
182263 493.324
182269 493.519
182301 497
182301 494.62
182459 500
182459 491.942
182492 491.879
182492 500
182625 491.624
182889 491.115
182902 491.753
182902 499
183060 490.785
183159 490.594
183197 498
183197 490.521
183273 490.375
183273 499
183352 497.102
183366 499
183366 496.753
183474 494.148
183490 495.6
183490 497
183502 496.641
183528 499
183528 495.827
183619 493.006
183681 494.504
183684 495
183684 494.57
183867 499
183867 489.232
183901 489.166
183901 493
183968 489.037
184006 488.963
184033 490.345
184033 493
184107 491.821
184107 497
184111 496.916
184111 497
184112 496.886
184358 491.734
184358 493
184423 490.372
184502 488.712
184502 495
184573 488.516
184616 488.511
184616 500
184991 494.453
184991 496
185039 494.525
185108 497
185108 492.723
185150 492.096
185273 500
185273 490.927
185294 490.47
185323 494
185323 489.825
185352 489.179
185492 490
185492 488.409
185517 488.406
185517 497
185570 491.188
185570 499
185704 496.237
185747 500
185747 495.348
185760 495.079
185764 495.33
185764 498
185802 497.756
185822 499
185822 497.631
186518 493.196
186547 495.443
186547 497
186566 496.963
186605 500
186605 496.89
186792 496.534
186792 498
186794 496.53
186980 496.177
187103 499
187103 497.943
187104 498
187104 495.94
187302 495.563
187336 500
187336 495.499
187563 495.067
187761 500
187761 494.69
187762 494.689
187814 499
187814 494.589
187888 494.449
187888 496
187900 494.426
188100 494.045
188100 496
188133 493.983
188166 493.92
188207 493.915
188207 494
188210 493.915
188391 493.896
188391 496
188421 493.893
188597 493.874
188597 497
188656 493.868
188686 493.864
188700 496
188700 493.863
188997 493.831
189004 493.865
189054 498
189054 494.117
189177 494.734
189226 497
189226 494.983
189257 495.14
189257 498
189293 495.32
189325 495.483
189354 496
189354 495.629
190023 499
190023 498.23
190029 499
190029 494.002
190217 494.356
190231 494.898
190309 499
190309 497.923
190311 498
190311 494.533
190850 495.549
190850 499
191139 496.095
191349 496.491
191372 499
191372 496.533
191399 496.584
191399 497
191413 496.611
192658 498.958
192658 499
192659 498.959
193211 500
193211 493.383
193247 493.379
193247 497
193287 493.446
193322 493.594
193327 494
193327 493.614
193333 493.639
193337 493.674
193337 500
193479 495.684
193479 498
193485 495.508
193499 495.07
193956 499
193956 496.24
194023 496.519
194041 498
194041 496.595
194138 497
194138 495.705
194298 493.456
194298 495
194310 493.281
194312 493.265
194328 493.264
194371 498
194371 493.259
194437 493.252
194437 499
194692 495.38
194694 497
194694 495.352
194751 494.543
194751 498
194785 495.068
194877 499
194877 493.205
194968 493.195
194992 495
194992 493.193
195080 493.184
195197 499
195197 493.171
195319 493.158
195319 494
195373 493.152
195380 493.152
195385 498
195385 493.151
195574 493.131
195574 498
195701 493.63
195711 494.515
195711 499
195737 496.815
195772 500
195772 493.788
195780 493.109
196261 493.058
196261 495
196278 493.757
196370 500
196370 496.224
196442 499
196442 493.038
196608 493.021
196608 497
196762 493.004
196803 493
196803 491.943
196842 490.922
196907 491.001
196907 498
196986 491.097
197022 491.141
197041 500
197041 491.164
197153 491.3
197213 498
197213 491.807
197340 497
197340 491.528
197488 491.709
197488 495
197572 491.871
197686 495
197686 491.95
197750 492.028
197750 500
198068 492.513
198089 492.556
198089 495
198150 492.68
198174 492.727
198226 496
198226 492.833
198265 492.912
198305 499
198305 492.993
198352 493.088
198352 500
198530 496.367
198530 500
198577 497.239
198591 498
198591 496.451
198626 494.405
198660 493.711
198778 493.949
198781 495
198781 493.956
198912 494.221
198912 496
198938 494.273
199037 494.474
199334 499
199334 495.075
199542 495.496
199542 499
199543 495.498
199791 496
199791 487.804
200034 487.051
200034 490
200043 489.87
200043 491
200081 489.329
200105 488.979
200129 489.713
200182 492.852
200182 498
200183 492.913
200252 497
200252 493.599
200253 493.485
200303 495
200303 488.488
200311 487.686
200311 498
200342 492.335
200342 498
200419 495.156
200419 499
200441 494.328
200446 494.157
200504 498.615
200504 499
200507 498.817
200509 499
200509 498.65
200664 487.801
200841 488.77
200841 498
200907 489.135
200977 489.516
200977 490
200993 489.604
201075 490.052
201099 491.338
201099 499
201194 498.477
201194 499
201203 498.425
201496 496.812
201496 498
201876 496.287
201911 498
201911 496.129
201912 496.125
201919 499
201919 496.093
202060 495.456
202208 496.268
202244 498.945
202244 500
202251 499.463
202258 500
202258 498.904
202286 496.695
202357 497.083
202357 499
202378 497.198
202575 498.278
202622 500
202622 498.536
202889 500
202889 496.933
203342 491.9
203376 497
203376 491.523
203379 491.494
203380 491.498
203396 493
203396 491.572
203483 491.967
203483 494
203498 492.034
203600 492.498
203600 499
203763 493.525
203845 495.872
203854 500
203854 496.133
203989 500
203989 494.264
204052 494.55
204052 496
204071 494.634
204146 494.976
204146 499
204213 495.279
204279 495.58
204279 500
204363 495.96
204528 496.71
204528 499
204566 496.88
205253 500
205253 493.473
205257 493.477
205257 499
205429 497.289
205429 498
205446 497.123
205554 496.045
205554 497
205564 495.946
205757 494.027
205819 494.095
205857 496
205857 494.137
205962 494.252
206069 498
206069 494.37
206102 494.406
206102 495
206111 494.416
206128 494.435
206161 500
206161 494.471
206182 494.494
206254 496
206254 494.573
206350 494.679
206350 498
206478 494.819
206788 495.16
206788 499
206852 495.23
206895 495.278
206895 499
206998 495.391
207658 496.116
207720 500
207720 496.185
207780 496.251
207780 500
207833 497.356
207858 499
207858 496.336
207955 496.444
208051 499
208051 496.549
209238 497.853
209238 498
209242 497.858
210098 498.798
210098 499
210098 498.799
210281 499
210281 498.695
210284 499
210284 493.385
210589 493.544
210595 495
210595 493.547
210834 493.672
210883 495
210883 493.697
211027 493.772
211027 498
211292 497.813
211292 500
211316 497.796
211549 497.632
211549 500
211581 497.609
211801 497.454
211810 498
211810 497.448
211987 497.323
211988 498
211988 497.322
212862 496.705
212895 499
212895 496.682
213656 496.145
213954 497.561
213954 499
213962 497.601
213986 497.711
214010 499
214010 497.827
214257 499
214257 495.721
214420 495.606
214531 500
214531 495.599
214636 495.654
214636 499
214641 495.657
214821 495.751
214822 497
214822 495.751
215127 495.91
215149 500
215149 495.922
215274 495.987
215274 496
215274 495.987
215290 495.995
215290 496
215290 495.995
215299 496
215299 494.986
215357 494.945
215357 499
215391 494.921
215527 494.825
215527 495
215528 494.824
215563 494.8
215581 494.877
215581 495
215590 494.915
215851 496
215851 494.596
215990 494.498
215990 495
215991 494.498
216289 494.287
216289 498
216293 494.284
216310 494.272
216338 498
216338 494.253
216364 494.235
216387 495
216387 494.218
216492 494.144
216612 496
216612 494.059
216630 494.046
216683 499
216683 494.009
216731 493.975
216731 496
216785 493.937
216997 493.788
217040 497
217040 493.757
217386 493.513
217390 494
217390 493.51
217657 493.322
217797 498
217797 493.223
218110 493.002
218147 497
218147 492.976
218170 492.96
218287 499
218287 492.878
218301 492.868
218301 498
218370 494.309
218384 497
218384 493.56
218395 492.971
218395 497
218451 496.621
218458 498
218458 496.574
218567 495.838
218567 500
218603 495.597
218725 494.771
218725 497
218772 494.898
218773 495
218773 494.83
218780 494.522
218904 496.433
218938 498
218938 496.954
219006 498
219006 492.872
219010 492.845
219013 492.853
219022 494
219022 492.879
219076 493.031
219117 495
219117 493.149
219152 493.249
219152 497
219215 493.43
219310 493.698
219310 495
219322 493.732
219358 493.835
219358 496
219373 495.518
219373 496
219507 494.26
219544 494.364
219564 494.436
219564 500
219703 494.937
219723 495.008
219749 497
219749 495.102
219869 495.534
219869 497
219885 495.591
219948 495.819
219992 497
219992 495.977
220065 496.238
220118 499
220118 496.43
220168 496.61
220168 497
220220 496.798
220416 497.503
220416 499
220439 497.588
220554 498
220554 497.238
220685 497.61
220685 499
221197 498.728
221220 500
221220 498.716
221232 498.709
221232 500
221281 498.683
221443 498.597
221443 499
221444 498.596
222246 498.171
222251 499
222251 498.168
222549 498.009
222567 498.011
222567 499
222582 498.098
222608 499
222608 498.016
223665 498.129
223675 499
223675 498.13
223689 498.131
223689 500
223739 498.136
223917 498.155
223917 499
223960 498.16
223986 498.163
223986 500
224480 498.623
224480 500
224627 498.231
225007 498.272
225120 500
225120 498.284
225544 498.329
225544 500
225582 498.333
226647 498.447
226665 499
226665 498.449
226807 498.464
226856 499
226856 498.47
227345 498.522
227345 500
227792 498.966
227793 499
227793 498.964
227956 498.587
229963 498.802
229963 499
229963 498.802
230572 498.867
230572 500
230590 498.869
230602 498.87
230602 499
230606 498.87
231002 498.913
231002 500
231043 498.917
231467 498.962
231593 499.34
231611 500
231611 499.395
231812 500
231812 498.999
231819 499
231819 495.805
231922 495.28
231944 496
231944 495.227
232069 495.287
232080 498
232080 496.645
232091 498
232091 495.298
232188 495.345
232364 497.351
232428 499
232428 495.461
232449 495.471
232520 497
232520 495.505
232578 495.533
232601 496
232601 495.544
232836 495.658
232836 498
232855 496.565
232883 495.681
232996 495.735
232996 499
233004 495.739
233031 495.753
233364 498
233364 495.913
233543 496
233543 494.333
233563 495
233563 494.02
233663 494.575
233666 496
233666 494.593
234204 497.583
234209 499
234209 497.614
234348 498.388
234351 500
234351 498.404
234638 500
234638 495.075
234905 496.901
234905 498
234907 496.913
234982 497.427
234982 498
235000 497.549
235212 499
235212 493.052
235292 495.272
235334 498
235334 496.443
235390 498
235390 490.081
235600 499
235600 489.036
235757 485.022
236342 499
236342 491.542
236368 491.044
236376 491.347
236376 498
236415 495.608
236429 499
236429 494.781
236444 493.895
236579 499
236579 486.994
236720 484.288
236720 486
236733 485.312
236793 490.188
236834 498
236834 488.844
236859 488.566
236859 500
237022 491.346
237164 498
237164 492.76
237169 493
237169 486.229
237222 493
237222 486.885
237226 487
237226 484.487
237260 484.105
237304 486.355
237304 499
237428 492.764
237491 496
237491 489.616
237500 489.164
237500 499
237569 492.199
237569 499
237701 493.992
237701 494
237701 493.988
237759 491.786
237759 496
237767 495.56
237767 498
237783 494.68
237837 491.706
237837 496
237963 490.459
238349 498
238349 490.402
238501 498
238501 494.31
238516 495
238516 488.773
238603 492.94
238603 496
238624 493.961
238646 495
238646 492.355
238685 494
238685 490.445
238855 496.267
238855 499
238889 497.442
238964 500
238964 494.048
238978 493.425
238993 494
238993 492.73
239028 491.131
239084 493.317
239084 498
239125 494.921
239155 496.099
239155 498
239301 496.621
239301 500
239397 495.718
239447 495.241
239462 495.758
239466 497
239466 495.896
239469 496
239469 495.034
239488 494.854
239488 500
239507 499.175
239507 500
239511 498.985
239639 493.423
239799 491.915
239873 492.233
239936 497
239936 492.504
241011 497.126
241050 500
241050 497.295
241214 498
241214 492.73
241334 492.186
241334 493
241335 492.18
241353 492.1
241353 499
241445 494.357
241522 500
241522 494.683
241602 493.862
241739 495.28
241739 499
241954 497.512
242001 498
242001 497.186
242293 495.165
242293 496
242293 495.162
242469 493.947
242469 496
242545 493.829
242629 494.015
242739 498
242739 494.256
242751 494.283
242751 497
242829 494.454
243063 494.969
243063 498
243140 495.147
243305 495.757
243305 497
243337 495.874
243700 497.211
243866 499
243866 497.824
244185 499
244185 497
244191 496.707
244270 497
244270 493.127
244278 492.767
244366 494.118
244366 498
244506 496.268
244554 497
244554 495.678
244671 494.234
244671 500
244761 495.895
244779 497
244779 495.059
244789 494.594
244862 500
244862 492.132
245307 493.578
245307 496
245312 493.595
245328 493.645
245373 499
245373 493.793
245667 494.748
245667 495
245709 494.886
245854 495.356
245854 499
245886 497.956
247032 496.42
247032 500
247129 496.962
247166 500
247166 496.241
247384 495.948
247396 496
247396 495.932
247400 495.927
247400 498
247430 495.886
247756 495.449
247798 500
247798 495.393
248387 494.603
248453 498
248453 494.515
248511 494.437
248628 500
248628 494.28
248828 494.012
248860 498
248860 493.969
248943 493.858
248959 497
248959 493.836
248993 493.79
248993 499
249362 496.732
249362 499
249389 496.568
249627 495.102
249627 498
249655 494.929
249822 493.904
249841 494.215
249883 500
249883 494.92
250008 497
250008 494.705
250015 494.963
250015 497
250069 492.386
250077 492.337
250171 492.21
250173 493
250173 492.208
250477 491.8
250477 493
250694 492.657
250694 497
250748 492.572
250751 492.567
250751 498
251110 493.446
251110 500
251191 492.417
251222 492.026
251304 492.604
251304 494
251393 493.459
251393 500
251593 495.845
251648 500
251648 494.704
251696 493.712
251726 498
251726 493.084
251833 490.856
252023 490.557
252023 493
252029 490.547
252194 490.286
252256 491.262
252373 497
252373 493.108
252423 493.889
252442 497
252442 494.196
252447 494.275
252447 496
252692 494.664
252692 497
252754 494.327
252878 493.648
252904 494
252904 493.508
253010 492.93
253010 499
253174 492.033
253225 491.759
253261 491.881
253261 498
253314 492.057
253348 492.171
253421 493.009
253471 493.773
253501 499
253501 494.236
253551 495
253551 494.499
253823 497.609
253826 500
253826 497.645
253857 498
253857 496.585
253864 497
253864 491.108
253895 491.138
253942 495
253942 491.184
254060 491.3
254126 493
254126 491.363
254167 491.403
254226 493
254226 491.461
254535 491.762
254535 494
254561 491.787
254665 491.888
254665 499
255036 492.383
255036 497
255078 495.749
255078 499
255443 496.98
255444 497
255444 496.975
255501 496.66
255501 500
255588 496.177
255853 494.713
255853 498
255922 494.328
256082 493.447
256106 494
256106 493.313
256109 493.295
256207 493.39
256207 500
256435 497.066
256435 499
256475 498.785
256475 499
256487 498.721
256651 497.843
256676 499
256676 497.707
256902 496.496
256955 500
256955 496.209
256967 496.145
256967 497
257012 495.904
257028 495.818
257028 496
257031 495.804
257098 495.442
257132 496
257132 495.26
257361 494.031
257418 494.139
257427 495
257427 494.156
257441 494.183
257459 495
257459 494.216
258624 496.426
258624 498
258638 496.454
258678 496.529
258678 500
258691 498.991
258761 498.174
258761 499
258766 498.122
258871 496.895
259248 497.611
259252 499
259252 497.617
259304 497.715
259318 499
259318 497.743
259864 498.779
259867 499
259867 498.784
260508 500
260508 496.058
261118 494.503
261118 499
261122 498.808
261122 500
261134 498.228
261217 494.252
261496 493.54
261496 499
261577 493.335
261620 493.224
261620 498
261681 496.408
261681 497
261688 496.229
261783 493.74
261799 497
261799 493.339
261968 493.504
262002 495.246
262002 498
262030 496.703
262075 499
262075 494.658
262097 493.631
262276 493.805
262276 495
262283 493.812
262494 494.018
262494 499
262549 494.072
262835 494.351
262897 497
262897 494.412
263036 494.548
263036 497
263077 496.031
263077 500
263219 494.727
263272 494.778
263288 496
263288 494.794
263293 494.799
263382 496.413
263382 497
263386 496.486
263524 499
263524 491.621
263605 496
263605 491.747
263794 493
263794 492.622
263860 498
263860 490.189
263891 490.533
263934 492
263934 491.014
263935 491.025
263935 495
264127 493.169
264561 498
264561 492.427
264713 497
264713 490.94
264964 499
264964 492.849
264979 492.965
264979 498
265037 493.412
265241 495
265241 491.215
265256 491.279
265256 499
265320 498.065
265324 499
265324 498.003
265610 493.81
265610 496
265655 494.445
265680 500
265680 493.582
265686 493.36
265693 493.475
265695 500
265695 493.504
265859 496.239
265895 498
265895 496.845
266024 499
266024 497.344
266078 495.864
266118 498
266118 494.983
266122 495
266122 494.663
266192 492.76
266212 493
266212 492.201
266236 491.536
266265 493
266265 490.912
266361 491.134
266496 493.563
266655 500
266655 496.409
266721 497.594
266721 498
266726 497.689
266855 500
266855 493.372
266998 497
266998 492.598
267100 492.833
267100 496
267157 492.963
267285 493.258
267285 494
267295 493.281
267298 493.287
267420 496.659
267420 498
267425 496.802
267505 499
267505 496.861
267506 497
267506 493.766
267871 494.606
267871 498
267911 494.697
267929 494.739
267929 496
267939 494.763
268257 495.493
268257 499
268311 495.617
268727 496.574
268727 497
268727 496.575
268935 497.052
268935 499
269122 497.482
269782 499
269782 492.119
269817 491.838
269879 494
269879 491.331
270063 489.833
270247 500
270247 490.57
270269 490.721
270272 492
270272 490.764
270315 492
270315 491.346
270439 497
270439 491.884
270602 493
270602 495
270681 492.358
270727 496
270727 490.807
270746 490.165
270831 492
270831 489.665
270856 488.268
270901 490
270901 485.751
270902 485.695
270902 499
271047 487.693
271069 488.014
271069 489
271074 488.08
271173 489.511
271173 500
271338 493.833
271364 496
271364 492.879
271376 492.432
271488 494.043
271488 496
271501 494.224
271763 498
271763 496.389
271800 497
271800 481.328
271803 481.339
271851 483.624
271851 496
271987 490.131
272089 495
272089 486.944
272158 491.124
272158 494
272180 492.481
272230 495.486
272230 498
272248 496.548
272288 499
272288 493.197
272391 484.701
272397 485.937
272397 494
272579 489.027
272579 492
272632 490.976
272646 497
272646 490.702
272666 490.315
272666 498
272810 490.364
272838 493
272988 490.321
272988 498
273093 494.617
273093 496
273417 492.503
273427 497
273427 492.401
273447 492.19
273476 495
273476 491.873
273628 490.238
273721 492.577
273721 496
273863 496.141
274017 500
274017 496.293
274357 496.63
274402 498
274402 496.675
275101 497.367
275101 498
275104 497.37
275290 497.555
275290 500
275340 497.605
275628 497.89
275628 499
275630 497.891
275782 498.042
275782 499
275782 498.042
275834 498.093
275870 499
275870 498.129
276084 498.341
276112 500
276112 498.431
276204 498.933
276208 499
276208 498.952
276401 500
276401 498.655
276923 499.173
276935 500
276935 499.185
277188 499.436
277198 500
277198 499.445
277736 499.978
277736 500
277736 499.978
277758 500
277758 496.836
277990 496.171
277990 500
278065 495.954
278073 495.933
278089 497
278089 495.887
278258 495.402
278258 496
278269 495.372
278284 495.327
278288 496
278288 495.316
278456 494.834
278495 500
278495 494.723
278522 494.645
278522 498
278533 494.613
278621 494.362
278621 497
279068 493.913
279189 494
279189 493.076
279343 492.013
279410 492.566
279419 494
279419 492.637
279435 492.771
279443 497
279443 492.834
279768 495.498
279771 496
279771 495.523
280317 500
280317 493.528
280367 492.16
280424 492.242
280475 495
280475 492.315
280644 492.557
280644 498
280735 492.688
280837 492.834
280848 493
280848 492.85
280905 492.932
280924 494
280924 492.958
280953 493
280953 488.479
281002 488.774
281002 496
281038 488.991
281087 489.286
281097 493
281097 489.347
281537 492
281537 489.871
281651 490.172
281651 500
281708 491.069
281812 499
281812 497.565
281894 494.595
281894 498
281908 494.094
281991 491.069
282045 491.211
282045 496
282126 494.217
282140 495
282140 493.918
282161 493.461
282184 496
282184 492.953
282223 492.098
282223 493
282268 491.867
282268 496
282324 491.973
282324 494
282383 492.102
282702 492.945
282702 499
282725 493.005
282736 493.033
282767 496
282767 493.116
283065 493.902
283065 496
283101 494.138
283101 499
283145 497.616
283145 498
283154 497.334
283248 494.384
283481 495
283481 492.324
283545 496
283545 488.39
283555 488.695
283555 498
283575 496.981
283575 499
283591 496.164
283616 494.893
283616 499
283874 491.405
283874 497
283952 491.969
284347 497
284347 491.669
284400 488.33
284400 499
284444 497.599
284445 498
284445 497.552
284748 487.804
284753 487.815
284909 496
284909 493.162
285011 498
285011 488.375
285080 488.525
285080 491
285136 488.646
285159 488.697
285159 497
285184 495.727
285184 497
285198 495.684
285198 497
285212 494.394
285214 494.221
285313 489.18
285352 490.271
285352 497
285556 495.913
285704 500
285704 495.125
286223 492.361
286223 498
286310 496.098
286357 499
286357 496.595
286402 499
286402 496.766
286432 498
286432 493.423
286456 492.898
286456 494
286458 492.847
286513 491.64
286548 491.715
286548 494
286622 491.876
286679 492
286679 490.291
286690 490.018
286805 490.671
287007 499
287007 491.818
287247 493.18
287247 499
287342 494.269
287342 497
287421 494.169
287795 496.291
287795 498
287821 496.438
288085 497.94
288101 499
288101 493.097
288120 493.101
288120 494
288121 493.101
288154 493.108
288154 498
288207 493.119
288333 493.146
288334 494
288334 493.146
288406 493.161
288422 494
288422 493.261
288621 498
288621 493.207
288739 493.232
288797 494
288797 493.245
288907 493.268
289045 498
289045 493.297
289078 493.304
289078 495
289101 493.309
289475 493.388
289842 500
289842 493.466
290052 493.511
290127 498
290127 493.527
290201 493.542
290255 497
290255 493.554
290410 493.587
290460 494.389
290460 496
290476 494.645
290498 495
290498 493.605
290569 493.62
290653 497
290653 493.638
290748 493.658
290748 499
290892 496.231
290892 498
291121 495.369
291142 497
291142 495.131
291261 493.767
291444 493.806
291444 499
291556 493.932
292018 500
292018 493.928
292283 493.984
292324 497
292324 493.992
292422 494.013
292422 497
292574 494.046
292657 494.063
292657 497
292746 495.201
292876 498
292876 495.506
292914 499
292914 494.118
292927 494.12
293011 495
293011 494.138
293201 494.178
293252 495.58
293252 496
293252 495.59
293414 500
293414 494.224
293547 494.252
293625 498
293625 494.997
293677 495.529
293677 500
293814 494.308
293924 494.332
293924 499
294065 494.362
294198 494.39
294198 500
294345 494.421
294453 494.444
294466 498
294466 494.447
294579 494.471
294621 500
294621 494.48
294656 494.487
294685 495
294685 494.493
294960 494.552
294992 495
294992 494.685
295016 498
295016 494.68
295021 494.564
295022 494.565
295280 499
295280 494.619
295385 494.642
295406 498
295406 494.646
295548 494.676
295548 500
295840 498.363
295840 499
295843 498.345
295925 497.884
296076 500
296076 499
296102 496.894
296231 496.17
296231 500
296305 495.756
296424 495.091
296501 498
296501 494.915
296549 498
296549 494.888
296662 494.913
296749 500
296749 494.931
296762 494.934
296762 495
296763 494.934
296855 494.953
296855 498
296906 494.964
296926 494.968
296927 499
296927 494.969
297058 494.996
297058 496
297089 494.429
297096 495.227
297096 498
297114 497.407
297128 499
297128 496.974
297221 494.004
297233 494.014
297233 497
297337 495.768
297337 496
297551 494.285
297654 494.372
297654 497
297674 494.389
298392 495
298392 500
298395 492.394
298418 492.374
298418 499
298476 498.126
298476 500
298501 498.726
298501 499
298530 497.306
298734 494.239
299143 493.099
299193 494
299193 492.958
299232 492.85
299413 495.408
299470 499
299470 493.91
299675 494.956
299707 500
299707 495.12
299949 496.356
299949 498
299970 496.464
300467 499
300467 493.772
300578 494
300578 492.865
300715 495
300715 490.443
300727 490.433
300738 491
300738 490.423
300825 490.35
300853 492
300853 490.327
300926 490.265
301091 498
301091 490.127
301136 490.089
301145 492
301145 490.081
301286 489.963
301523 500
301523 491.338
302130 497
302130 491.39
302558 493.804
302561 494
302561 493.82
302593 494
302593 488.864
302707 488.768
303403 500
303403 491.273
303416 492
303416 488.172
303449 488.144
303623 498
303623 488.335
303699 492
303699 482.66
304078 488
304078 481.488
304086 481.542
304398 499
304398 483.755
304624 485.357
304810 500
304810 486.673
305562 492
305562 489.268
305666 491
305666 482.452
305733 483.013
305859 489
305859 484.075
306347 488.175
306466 492
306466 475.703
306861 491
306861 483.827
307061 495
307061 470.452
307514 483
307514 452.542
307875 460.923
308235 480
308235 469.303
308265 470
308265 448.151
308529 449
308529 446.505
308723 454
308723 445.413
309416 471
309416 280.694
309657 277
309657 0
309656
153334263
