5 0
5 43
29 49
29 39
56 39
56 21
59 22.5
59 23
59.5385 22.7692
60 23
60 22.5714
69.7442 18.3953
71 19
71 17.8571
76.1277 15.6596
92 24.5294
92 50
96 28
96 26.7647
100 29
100 0
108 0
108 26
120.814 11.4777
126 30
126 0
130 0
130 31
132 43
132 0
132 3
164 31.5217
164 42
168.941 37.0588
170 39
170 36.8696
172 38.6522
172 46
176.904 43.0228
178 44
178 42.3571
200 29
200 19.5
206 22.5
206 38
210 30.4706
210 45
233 36
233 24.1628
261 16.3488
261 22
265.951 18.4146
268 22
268 17.4
270 18
270 15.4828
275 11.8621
275 17
288.826 13.6817
304 24
304 22.5
306 39
306 17.75
309 17
309 50
318.209 14.6977
327 12.5
327 24
341 30.5333
341 34
348.792 34.1694
349.961 34.7151
361 50
361 34.4348
364 34.5
364 38
368.093 34.589
387 35
387 26.6667
388 27
388 0
409 0
409 13
422 9.94118
422 14
433 20.1395
433 41
442 49
442 31.5
446 39
446 30.6154
448 36
448 28.5116
465 38
465 12.0294
475 15.8529
475 20
503.591 35.4545
507 40
507 37.2973
512 40
512 31
512 19.8182
515.126 16.5502
517 17
517 14.5909
520.598 10.8291
534 7
534 0
550 0
550 2
572 7
572 0
574 0
574 44
579 30.6667
579 47
585 16
585 14.6667
585.571 13.1429
599 40
599 0
619 0
619 3
622 4.09091
622 36
647 31
647 15
675 31
675 43
675.92 32.4225
676.668 31.9529
679 33.2857
679 34
679.982 33.8466
682 35
682 33.5312
684 33.2188
684 34
685.882 32.9247
711 29
711 22.6364
720 24.2727
720 50
724 46.1667
724 48
740.888 33.7511
752 31.3939
752 46
757 33
757 30.3333
761.792 29.3168
771 33
771 0
792 0
792 45
800 41
847 47
847 24.5814
857 17.8372
857 44
863.681 35.5765
870 40
870 27.6087
877.358 18.3316
879 18.7949
879 24
882 21
882 47
909 31.5714
909 40
919.012 36.2812
922 44
922 35.1714
944 27
944 9.5
948 12.5909
948 28
949.577 13.8093
950 14.1364
950 15
952.043 15.7151
974 32.6818
974 35
975.821 34.0893
977 35
977 33.5
981 31.5
981 45
1015 28
1015 11.5385
1018 12
1018 0
921
26984
