5 0
5 41
10 63.5
10 77
12.9644 76.8396
17 95
17 88.8873
25 87.9856
25 98
47 93.964
47 95
55 93.0303
55 100
105 94.5621
105 95
138 91.4047
138 95
145.821 90.5525
153 89.7704
153 97
164 96.592
164 97
165.421 96.5393
178 96.0728
178 99
184 98.9625
184 100
193.96 98.9003
284 98.3375
284 100
292.508 98.2843
338 98
338 90.1387
347.601 89.7826
400 93.651
400 94
404.389 93.9751
431 95.9396
431 100
486 100
553 100
650 100
704 100
784 100
802 100
802 98.3393
861 98.9714
861 100
863.426 98.9974
957 100
957 95.9212
958 96
958 95.6901
995 96.2113
995 97
1003.47 96.3306
1008 96.3944
1008 100
1031.53 97.118
1036 99
1036 96.7887
1067 97.2254
1067 100
1108.5 97.8099
1119.8 97.9691
1131 98.2086
1131 100
1196.69 99.0519
1207.53 99.2047
1218 100
1218 99.3521
1264 100
1264 98.0804
1267.97 98.0231
1330 99.0447
1330 100
1330 100
1336.12 99.1456
1388 100
1388 98.6406
1399 100
1399 97
1399 96.8804
1439 96.8384
1439 98
1460 97.1915
1460 98
1518 98
1518 100
1583.2 98
1588.1 98
1602 100
1602 98
1603 98
1603 100
1676 97.7538
1676 100
1683.7 97.5169
1715.17 96.5486
1725 96.5383
1725 100
1736.61 96.5261
1765.74 96.4955
1781.67 96.9174
1783 100
1783 96.9528
1851 98.7546
1851 100
1861 99.4559
1861 100
1888.74 99.7545
1898 100
1898 99.6726
2092 97.9558
2092 99
2092.21 97.9539
2178 97.1947
2178 98
2180.94 97.1687
2249.72 96.56
2268 98.2935
2268 100
2284.78 99.8843
2286 100
2286 99.8759
2416 98.9793
2416 100
2419.31 98.9565
2536.94 98.1452
2542 99
2542 98.1103
2565 97.9517
2565 98
2596.17 97.7534
2638.36 98.8529
2650 100
2650 98.7647
2659 99
2659 97.3034
2664.1 97.2683
2666 100
2666 97.2552
2667.76 97.243
2754 98.4725
2754 100
2766.8 99.7955
2768 100
2768 99.7764
2780 99.5847
2780 100
2791.1 99.4074
2822 98.9137
2822 100
2822.66 98.9032
2885 97.9073
2885 99
2947.35 98.3681
2961 99
2961 98.2297
2973 98.1081
2973 99
2982.9 98.0078
3002.28 97.8114
3006 98
3006 97.7736
3048 97.348
3048 98
3072 97.7425
3072 100
3088.86 97.5616
3121.45 97.212
3128 98
3128 97.1416
3152.47 96.8791
3157 98.1548
3157 99
3159.58 98.8831
3160 99
3160 98.8643
3206 96.7833
3206 97
3207.03 96.7369
3219.87 96.1559
3221.59 96.1374
3229.16 96.9897
3246 99
3246 98.8873
3247 99
3247 95.8648
3263 95.6931
3263 100
3284.83 96.8819
3289 96.7076
3289 97
3291 96.7149
3291 97
3294 96.9815
3294 99
3313 98.9586
3313 99
3313.36 98.9578
3369 98.8364
3369 99
3370.53 98.8331
3406.1 98.7555
3424 100
3424 98.7165
3460 98.6379
3460 99
3460.1 98.6377
3470.66 98.6147
3477.99 98.8601
3491 100
3491 99.2962
3496 99.4638
3496 100
3500.76 99.6232
3512 100
3512 98.7331
3514.71 98.5186
3540 98.4635
3540 99
3540.06 98.4633
3568 98.4024
3568 99
3576.34 98.3842
3609 98.313
3609 99
3613.06 98.3041
3699.01 98.1167
3702 99
3702 98.1101
3729.84 98.0494
3786 100
3786 97.9269
3800 97.8964
3800 99
4132.94 99.5014
4135 100
4135 99.5045
4194 99.5934
4194 100
4203.1 99.6071
4231 99.6491
4231 100
4243.9 99.6685
4291.14 99.7397
4295 100
4295 99.7455
4464 100
4464 97.3326
4529.06 99.8118
4530 100
4530 99.8476
4532 99.9238
4532 100
4532.34 99.9369
4534 100
4534 99.6336
4546.16 97.4065
4549 98
4549 97
4565 97
4565 99
4567 98.9094
4567 99
4567.18 98.9012
4622.24 96.4066
4629.69 96.3874
4677 100
4677 96.2655
4695 96.2191
4695 99
4728.63 96.5601
4745 100
4745 96.4909
4746 97.3273
4746 98
4746.81 98.0061
4748 99
4748 98.015
4770 98.1805
4770 99
4776.78 98.2314
4940 99.4586
4940 100
4942.44 99.477
5011 99.9925
5011 100
5011.05 99.9929
5012 100
5012 99.858
5051.11 94.3045
5068.29 93.54
5105.82 94.1009
5136 96.907
5136 97
5136.89 96.9896
5137 97
5137 96.9883
5152.08 96.8115
5172 99
5172 96.5779
5172.36 96.5737
5209 100
5209 97.1425
5219 97.2073
5219 100
5236.63 98.2137
5245 100
5245 97.3758
5251.67 97.419
5257 100
5257 97.4536
5490.26 98.965
5503 100
5503 99.0475
5650 100
5650 95.7674
5670 95.4048
5670 99
5753 99
5868 99
5887 99
5887 94.9593
5917 94.8374
5928 95.8211
5928 98
5930 97.9549
5930 100
5932 99.9818
5932 100
5932.22 99.9797
6023 99.1526
6023 100
6031.34 99.0766
6065 98.7699
6065 99
6066.16 98.7594
6095 98.4966
6095 99
6096.85 98.4797
6154.64 97.9532
6155 98
6155 97.9499
6198.55 97.5531
6201 98
6201 97.5308
6226.99 97.2939
6234 98
6234 97.2301
6237 97.2027
6237 98
6239.08 97.1838
6288.81 96.7307
6294 98
6294 96.8663
6328.04 98.2886
6338 99
6338 98.7047
6369 100
6369 98.6768
6375 99
6375 95.9453
6378 95.918
6378 97
6391 96.6953
6391 98
6394.5 96.6134
6430 95.7813
6430 97
6438 96.2
6438 98
6444.93 95.8649
6487 100
6487 94.9295
6504 95.6878
6504 97
6517.72 95.3113
6530 96.9393
6530 98
6530 100
6539 99.5923
6539 100
6554.24 98.9019
6574.15 98
6579 98
6643 98
6643 100
6648.38 98
6665 98
6665 100
6683 99.1285
6683 100
6697.14 98.4441
6706.31 98
6775 98
6775 99
6821.92 98
6870.56 98
6882 99
6882 98
6916.58 98
6950 99.9419
6950 100
6950.37 99.9632
6951 100
6951 99.9
6960.5 98.9495
6961 100
6961 98.9
6970 98
6977 98
6977 100
6998.08 98
7049.16 98
7066 100
7066 98
7077 98
7111.86 98
7140 99
7140 98.4759
7145 99
7160.92 98
7164 98
7164 97.8063
7177.17 96.9791
7180 97.0212
7180 98
7183.19 97.0685
7209.84 97.4638
7214 97.7521
7214 98
7214.68 97.7994
7232 99
7232 97.7924
7246 98
7246 93
7261 92.8779
7261 98
7276 95
7276 96
7278.5 94.5
7283 93.6
7283 96
7290 94.7539
7290 100
7304 93.7792
7325 96.0713
7325 99
7339 98.627
7339 100
7347.92 98.573
7349 98.6904
7349 99
7350.44 98.8481
7361 100
7361 98.0408
7363.32 97.9788
7374 99
7374 98.1969
7382 99
7382 97.4812
7460 95.4028
7460 97
7487 96.4706
7487 98
7567.69 96.6381
7568 99
7568 96.6329
7572.37 96.5592
7589 97
7589 96.2785
7606.32 95.9862
7622 99
7622 95.7215
7648.94 95.2669
7650 95.3146
7650 98
7651.42 95.3781
7674 96.3887
7674 100
7688.54 97.0396
7710 98
7710 94.2363
7726 93.9662
7726 98
7735 97.7539
7735 100
7756 97.8085
7756 98
7764.89 96.9367
7803.92 95.8693
7804 96
7804 95.8672
7813.34 95.6119
7837 99
7837 94.9648
7857.99 94.3909
7888.37 95.7873
7903 97
7903 100
7934 97.6987
7934 100
7978.82 96.4615
8031.55 99.9051
8032 100
8032 99.9347
8033 100
8033 96.5734
8038 96.7396
8038 100
8078.06 98.885
8089 100
8089 98.5804
8091.38 98.5141
8106 99
8106 98.1072
8192.86 95.6895
8203 96.7008
8203 100
8316 99.1032
8316 100
8319.17 99.078
8329 99
8329 96.377
8355.59 94.9824
8368 95.4742
8368 100
8429.36 97.9049
8457 99
8457 96.961
8477 96.278
8477 99
8646 100
8646 97.1017
8653.62 97.1602
8677 100
8677 97.3397
8696 97.4856
8696 100
8705.33 97.5573
8752 97.9155
8752 98
8752.07 97.9161
8763 98
8763 95.4994
8800.8 95.2598
8813 96.3656
8813 98
8838.26 97.1776
8855 100
8855 96.6328
8875 95.9817
8875 100
8901.75 95.1109
8901.9 95.1059
8920 100
8920 94.5168
8920.47 94.5015
8922 94.4918
8922 95
8934 94.6412
8934 95
8938 95.0269
8952 96.6161
8952 97
8953.92 96.8343
8973 99
8973 98.2772
8980 100
8980 95.3091
8991 95.3831
8991 99
8994 98.755
8994 99
8994.76 98.693
9000.62 98.2144
9001 99
9001 98.1833
9031.92 95.6581
9053.27 95.8016
9055 96
9055 95.8132
9073 95.9341
9073 96
9091 100
9091 96.0551
9095.11 96.0827
9137 100
9137 96.3642
9178.7 96.6445
9188 100
9188 96.707
9193.79 96.7459
9201 98
9201 96.7944
9240 97.0565
9240 98
9247.8 97.1089
9265.18 97.2257
9279 100
9279 97.3185
9291 97.3992
9291 100
9327.51 97.6446
9373.3 97.9523
9392 99
9392 98.078
9453 98.4879
9453 100
9456.2 98.5094
9460.84 98.5406
9509 100
9509 98.8642
9514 98.8978
9514 99
9515.22 98.9061
9589 99.4019
9589 100
9589.36 99.4043
9649 99.8051
9649 100
9651.09 99.8191
9678 100
9678 97.4851
9694 96.0976
9694 97
9697 96.9002
9697 97
9698 96.867
9721 96.1019
9721 99
9727.47 95.8866
9731.24 95.7614
9735.62 96.0777
9739 98
9739 96.3213
9790 100
9790 96.3951
9797 98
9797 95.4131
9806.22 96.1962
9816 98
9816 97.027
9851 100
9851 96.8922
9869 96.7709
9869 98
9871 97.8177
9871 100
9901.35 97.2767
9910 98
9910 96.5
9910.06 96.4942
9974 96.0633
9974 100
9979.32 96.0275
10005 95.8542
10077 98.1189
10077 99
10081 98.2456
10105 99
10105 96.6129
10120 97.0968
10120 100
10124.1 97.2282
10146.2 97.9415
10172 100
10172 98.7742
10179 99
10179 97.3902
10192 100
10192 94.6344
10206 94.6559
10207 94.7682
10207 95
10208.8 94.9664
10227 97
10227 94.6882
10230 94.6928
10230 98
10241 94.7097
10261 94.7404
10261 96
10267.1 94.7498
10269 94.7527
10269 97
10275.1 94.762
10299.1 94.7989
10327.3 96.7137
10334 98
10334 97.1674
10361 99
10361 95.4988
10379 96.6737
10379 99
10416 97.5159
10416 98
10424 97.8722
10424 100
10675 97.6668
10684 99
10684 97.5836
10787 96.6264
10787 98
10799 97.0053
10799 100
10880 97.9687
10880 98
10880.8 97.9478
10891 97.6928
10891 100
10905 97.3409
10936.8 96.5436
10951 96.5945
10951 97
10959.9 96.7653
10963 100
10963 96.6821
10964.5 96.6429
10965 96.6447
10965 100
11004 99.2801
11004 100
11009.2 99.1837
11101 97.4897
11101 98
11107.9 97.363
11127.9 96.9924
11128 97
11128 96.9913
11180 96.0315
11180 100
11210 97.7027
11214 98
11214 97.3922
11223.9 96.6324
11230 98
11230 100
11247.7 95.2779
11254 95.4903
11254 99
11282.8 96.4524
11285.1 96.5317
11314 99
11314 97.4981
11329 98
11329 95.7992
11333 96
11333 93.2074
11335.3 93.1657
11349.7 94.7089
11350 94.819
11350 96
11352.1 95.6849
11360 99
11360 95.8027
11390 99
11390 95.8381
11397 97
11397 94.6214
11431.4 94.0558
11447 96.5
11447 97
11449.1 96.8354
11463 99
11463 95.7733
11487.8 93.8748
11499.4 94.6844
11501 96
11501 94.7921
11504 95
11504 92.8601
11509 92.7778
11509 97
11537.6 93.083
11545 93.3055
11545 98
11556 94.711
11556 96
11575.9 95.2936
11580.5 96.2702
11581 97
11581 96.3818
11598 100
11598 96.4774
11604 100
11604 95.9612
11617 95.7092
11617 96
11624.2 95.5696
11629 95.4765
11629 96
11632 95.931
11632 97
11642 97.0308
11642 100
11688 97.2027
11688 99
11725.7 98.3407
11766 100
11766 97.7653
11788 100
11788 98.8246
11802.8 97.5256
11826 97.597
11827 99
11827 97.6
11896 97.8123
11896 99
11914.8 97.8701
11956 97.9969
11956 98
11956 97.997
11957 98
11957 97.905
11986 95.1542
11995 97
11995 94.2958
12003.5 93.4892
12033 92.9738
12033 96
12040.7 93.1113
12064 93.7169
12064 100
12080.1 96.877
12102.6 96.5335
12112 98.0395
12112 100
12143 96.6829
12143 100
12208.9 97.4779
12229 98
12229 96.729
12233 98
12233 96.555
12241.9 96.215
12252 96.5758
12252 100
12274 97.3613
12320 99
12320 98.635
12353 100
12353 99.23
12367 100
12367 96.3944
12368 96.3533
12368 97
12389.3 95.4756
12402 94.9535
12402 100
12431 97.0483
12431 100
12439 98.9873
12439 100
12443.5 98.4196
12459 96.4557
12459 97
12467.3 95.4025
12476.2 94.2805
12491.4 94.8815
12492 95
12492 94.9034
12494 94.9822
12494 98
12511.4 95.6693
12596 99
12596 97.926
12597 98
12597 95.8281
12607 95.6719
12607 96
12610.4 95.6189
12619 95.4848
12659 97.6486
12659 98
12662.2 97.8226
12684 99
12684 96.6213
12686.7 96.4724
12711 97.4432
12711 100
12723.7 97.9521
12775 100
12775 96.301
12775 100
12816 96.8499
12816 97
12825.5 96.5187
12838 96.3484
12838 99
12876.5 96.2085
12879 98
12879 96.031
12883.1 95.7367
12885.3 95.7064
12889 95.7765
12889 98
12901.6 96.6883
12915 99
12915 96.2689
12924.6 96.4502
12950 98
12950 96.9318
12985.6 97.6052
12987 97.7982
12987 100
13009.1 98.052
13049 98.8068
13049 99
13051.2 98.849
13061 99.0341
13061 100
13064.8 99.1058
13112 100
13112 97.9965
13192 97.7148
13192 98
13204.8 97.7655
13210 100
13210 97.6707
13211.3 97.6468
13237 97.5563
13237 99
13243.4 97.7197
13247.2 97.5203
13250.8 97.5078
13252 98
13252 97.5035
13290.3 97.3686
13293 98
13293 97.3592
13341 97.1901
13341 100
13385.4 98.33
13391 99
13391 98.1176
13466 95.2941
13466 96
13473 95.9514
13473 99
13482 98.8443
13482 99
13484 98.8103
13514 98.2909
13514 99
13541.6 97.8135
13649 95.956
13649 98
13677.2 95.4688
13683.4 95.3603
13759 96.1585
13759 97
13763.8 96.2095
13783.4 96.4163
13785 96.8676
13785 99
13788.6 97.8777
13789 98
13789 97.7417
13791.4 96.9884
13794 97.7194
13794 98
13870 98.2662
13870 99
13873.6 98.2789
13908 98.3993
13908 100
13925.9 98.4619
14002.5 98.7301
14017 98.8838
14017 100
14024.4 98.9618
14028 99
14028 98.8196
14217 99.4816
14217 100
14226.8 99.5158
14235 99.5447
14235 100
14243.2 99.5734
14344.5 99.9283
14348 100
14348 99.9405
14360.9 99.9855
14361 100
14361 99.986
14365 100
14365 99.846
14370 100
14370 97.5532
14382.6 97.5868
14388 98.3955
14388 100
14391.7 98.957
14392 99
14392 98.8772
14396.5 97.6236
14414 97.6702
14414 98
14418.2 97.6814
14432 97.7181
14432 98
14432.9 97.7205
14481.9 97.8508
14486 99
14486 97.8617
14495 97.8856
14495 99
14500.5 97.9001
14538 98
14538 92.4764
14551.1 91.0338
14568 92.4681
14568 98
14575 97.5089
14575 99
14618.4 96.7539
14619 96.8085
14619 98
14629.2 97.6763
14633 98
14633 97.5556
14637 97.4286
14637 99
14643.6 97.2185
14686.1 95.8712
14770.5 95.3007
14773 96.3807
14773 97
14773 96.3913
14779 99
14779 95.2432
14791.4 95.1594
14796 95.4769
14796 96
14798.9 95.6766
14818 97
14818 94.9797
14823 94.9459
14823 96
14845.3 94.7955
14846.7 94.7857
14851 94.8421
14851 95
14852 94.9773
14852 100
14894.8 96.8804
14907 98
14907 95.9913
14911.8 95.642
14912 95.6447
14912 96
14914.6 95.6783
14915.7 95.6939
14921 97
14921 95.7632
14968.3 96.3857
14970 96.505
14970 98
14989.5 96.6638
15020 97.0658
15020 100
15041 97.3417
15077.9 97.8276
15092 99
15092 94.64
15120 95.48
15120 98
15140 97.3768
15140 99
15170.8 97.0029
15195.7 97.75
15197 98
15197 97.79
15204 98
15204 96.8226
15214 99
15214 95.0708
15239.7 94.2702
15296 100
15296 94.9119
15309.3 94.8864
15332 97
15332 96.0883
15339 96.7974
15339 99
15344 98.3083
15344 99
15350.8 97.3724
15369.6 94.7709
15383 94.7452
15383 100
15431.6 94.6521
15441.3 94.6335
15447 96
15447 94.6226
15462 94.5939
15462 97
15477.2 94.5648
15511 94.5
15511 95
15522.9 94.4787
15523 96
15523 94.477
15546.7 94.4317
15573 97
15573 94.3812
15573 96
15575 95.8515
15575 100
15602 98.5773
15602 100
15613.3 97.9803
15655 95.7845
15655 96
15656.9 95.6841
15678 94.5726
15678 98
15692 95.8271
15702.4 94.9419
15705 95
15705 99
15708 98.5794
15708 99
15746 95.6737
15769 98
15769 94.0057
15771.6 94.0007
15784 94.4108
15784 96
15802.5 95.0254
15820.3 95.6167
15847 99
15847 96.5021
15862 97
15862 95.8881
15892.7 96.7475
15899 98
15899 96.9231
16009 100
16009 96.7966
16024.4 97.0394
16026 98
16026 97.0642
16035.6 97.2148
16040 98
16040 97.2845
16139 98.8426
16139 100
16291.4 95.9308
16306 97
16306 96.1032
16313 97
16313 96.1212
16377 100
16377 97.1262
16383.8 95.0025
16397.7 95.1171
16407 99
16407 95.1934
16415 95.2593
16415 96
16421.1 95.3219
16429 95.7263
16429 97
16440.9 96.332
16454 97
16454 95.5955
16454.2 95.5822
16473.1 95.7374
16484 100
16484 95.8272
16494 95.9095
16494 98
16520.6 96.1282
16523.1 96.149
16551 100
16551 96.3786
16555.3 96.4143
16558 96.7868
16558 99
16569.3 98.3703
16575 99.1618
16575 100
16578.8 99.6961
16581 100
16581 99.5232
16605.7 97.5624
16610 98
16610 97.2188
16614 96.8975
16625.1 96.9888
16654 100
16654 97.2263
16696 97.572
16696 100
16719.1 97.7977
16730 98
16730 97.8519
16753 98.0412
16753 99
16768 98.1645
16771 98.1893
16771 100
16794.5 98.828
16795 100
16795 98.8029
16802.2 98.4458
16809 98.5021
16809 99
16812.8 98.5334
16991 100
16991 97.9351
16993.5 97.7761
17014 100
17014 96.5386
17035 96.6216
17043 100
17043 96.6535
17044 96.6574
17044 98
17052 97.4286
17070 100
17070 96.7604
17088 96.8317
17088 97
17088.7 96.8346
17165.3 97.1379
17169 98
17169 97.1525
17170.4 97.1581
17197 100
17197 97.2634
17199.3 97.2723
17212 97.8261
17212 100
17219.4 98.1489
17239 99
17239 97.4297
17265 97.5327
17265 98
17267.3 97.542
17287 97.6198
17287 100
17325 97.8579
17325 98
17405 99
17405 98.1667
17497.7 98.6993
17538 100
17538 98.931
17550 99
17550 96
17568 96
17568 97
17572.8 96
17589 96
17589 100
17593.7 96
17595 96
17595 100
17651.1 96
17653.7 96
17654 96.0271
17654 98
17659 96.5175
17664 97
17664 96
17678 96
17767 96
17767 98
17777.4 96
17798.6 96
17816 100
17816 98.3898
17831.7 96
17838 96
17849 96
17849 94.8963
17865 93.291
17865 97
17878 97.0306
17878 98
17881.2 97.0382
17901 97.0848
17901 99
17958.1 98.4976
17965 100
17965 98.4374
18037.6 97.7992
18039 98
18039 97.7868
18072.8 97.4895
18080 97.5065
18080 100
18105.4 97.5664
18112.4 97.5828
18161 100
18161 97.6973
18208 97.808
18208 99
18214 98.9677
18214 99
18218.5 98.9434
18293 98.5422
18293 99
18293.9 98.5375
18362 98.1707
18429 98.3286
18429 99
18431.9 98.3354
18532.2 98.5716
18549 100
18549 98.6113
18561 98.6396
18561 100
18572.7 98.6672
18691 98.9458
18691 99
18694.3 98.9537
18714 99
18714 98.6817
18731.2 98.4442
18766 100
18766 97.9619
18807.2 97.392
18827 100
18827 97.3394
18834.9 97.3684
18854 99
18854 97.6291
18882 98.6954
18882 99
18884 98.7728
18890 99
18890 98.1056
18894.6 97.5863
19054 98.1679
19054 100
19059.8 99.1145
19064 100
19064 98.4795
19065.8 98.2108
19176 98.6131
19176 99
19184.2 98.643
19186 98.6496
19186 99
19188.2 98.6576
19238 98.8394
19238 99
19242.4 98.8556
19249.8 98.8825
19250 99
19250 98.8832
19278 98.9854
19278 100
19278.2 98.9861
19317 99.1277
19317 100
19322.3 99.147
19425 99.522
19431 100
19431 99.5438
19437.8 99.5686
19442 100
19442 99.5839
19515 99.8504
19515 100
19518.7 99.8639
19556 100
19556 98.4954
19601.8 96.8155
19630 98.6051
19630 99
19630 100
19635.8 98.973
19652 100
19652 98.1299
19676 97.1808
19676 98
19683 96.903
19702 96.1525
19702 100
19726.4 95.8892
19739 95.8207
19739 97
19751 95.7763
19751 98
19760 97.2605
19765 100
19765 96.853
19775 96.0337
19775 100
19805.5 98.4678
19823 100
19823 97.5883
19869.8 95.237
19872 96
19872 95.1264
19872.6 95.0944
19936 94.75
19936 99
20008.6 94.3553
20036.4 94.2043
20201 99
20201 96.9764
20238.6 97.7602
20261 100
20261 98.2281
20298 99
20298 95.6029
20384.3 97.2848
20401 100
20401 97.6102
20421 98
20421 96.1034
20504 99
20504 96.4669
20584 100
20584 92.4018
20661.5 94.2384
20683 96
20683 94.7483
20778 97
20778 96.523
20824 100
20824 75.4247
20894 78
20894 76.9107
20931 79
20931 63.8463
20934 64
20934 0
20929
2045622
