2 0
2 19
4 19.2486
4 94
16 90.7671
16 96
16 99
90.8571 88.8393
109.33 88.715
111 89.3881
111 93
112.213 89.8767
115 91
115 88.6768
126 88.6027
126 92
130 88.8955
130 96
155.964 92.0891
157 91.9518
157 94
186 93.3026
186 98
196.572 93.0484
221 92.4609
221 98
239.82 95.1522
241 96
241 94.9737
244.563 94.4346
249 100
249 93.7632
251 93.4605
251 99
258.592 92.3117
264.523 91.4143
277 91.1142
277 99
283 95.4
283 100
322.197 97.9837
329.782 97.9637
336 99
336 97.9474
340.855 97.9346
341 98
341 97.9342
420 97.7263
420 100
447 98.0482
447 99
460 98.0957
460 100
536.976 97.4185
558 97.3632
558 100
604 98.0426
604 100
620 98.0169
620 100
641.153 97.1443
652 97.1158
652 99
737.536 97.8441
738 98
738 97.8378
787 97.1757
787 100
788.809 97.1512
797.219 97.0376
807 100
807 95.1663
820 98
820 93.3425
837 93.895
837 98
859.178 95.2146
862 98
862 94.8602
862.966 94.7389
864 94.7725
864 100
874 95.9211
874 96
875 95.8762
875 100
898 98
898 95.5575
915 100
915 99.2229
918 100
918 90.8557
919 90.8076
919 100
966.984 92.8141
984 98
984 95.2789
995 97
995 90.6667
1039 98
1039 94.3185
1057 93.5517
1057 98
1074.39 95.0106
1097 99
1097 95.4661
1106 96
1106 93.6025
1110.62 93.4524
1138 100
1138 94.1972
1177 100
1177 92.8462
1177.27 92.7437
1185 93.1224
1185 100
1192.83 93.5058
1203 94.0041
1203 97
1213.63 96.8951
1220 100
1220 96.8322
1235 96.6842
1235 99
1243.35 96.6019
1253.91 96.4976
1288 98.1673
1288 100
1294.28 98.4748
1305 99
1305 95.9934
1318.84 95.8569
1372 96.5385
1372 99
1383 97.227
1383 99
1409.06 97.0136
1414.88 97.0883
1424 98.4768
1424 100
1428.54 99.1685
1434 100
1434 98.1687
1438.26 97.388
1444 97.4615
1444 98
1448 97.986
1448 99
1451.27 97.9746
1477 97.8846
1486 98
1486 97.9222
1488.69 98.0831
1489 99
1489 98.1018
1504 99
1504 97.7902
1515.49 97.75
1519 99
1519 97.7378
1521.98 97.7273
1523 98
1523 97.7238
1667 97.2203
1667 99
1668.28 97.2158
1730 97
1730 91.1482
1734 91.2047
1734 93
1738.62 91.2699
1744 91.3459
1744 94
1756.21 93.9109
1759 95
1759 93.8905
1759.73 93.8852
1764 95
1764 93.854
1777.29 93.757
1782 96
1782 93.7226
1783.49 93.7117
1802 99
1802 95.6804
1812 94.0825
1812 100
1868.23 99.6251
1869 100
1869 99.62
1962 99
1962 98.3245
1973 100
1973 92.3285
1974 92.3212
1974 99
1979.93 96.744
1980 97
1980 96.7156
1990.55 92.6971
1994.35 93.5524
1996 96
1996 93.9228
2023 100
2023 93.8788
2028 95
2028 91.927
2045.18 91.8016
2110.25 97.0521
2115 100
2115 97.4352
2122 98
2122 91.2409
2155 91
2155 90.7475
2198 99
2198 97.6329
2202 99
2202 86.3153
2221 87
2221 81.0452
2267 93
2267 80.5442
2274 82
2274 75.9132
2275 76
2275 74.4082
2428 81
2428 19.1834
2430 19
2430 15.0082
2432 15
2432 0
2430
230647
