1 82
20 81.9995
20 87
37 86.9861
37 89
66 88.9664
66 96
71 95.9859
71 100
85 99.9968
85 100
91.8681 99.9952
428 99.9187
428 100
519 99.9064
519 100
557.39 99.8892
882 99.8153
882 100
884.795 99.8146
968 99.7957
968 100
1273.73 99.726
1436 99.689
1436 100
1549 99.7569
1549 100
1645 99.7925
1645 100
1780 99.8432
1780 100
2009 99.6496
2009 100
2154 99.8854
2154 100
2203 99.9641
2203 100
2232.5 99.9426
2278 99.9093
2278 100
2351 99.8823
2351 100
2357 99.9937
2357 100
2363.51 99.987
2594 99.7467
2594 100
2698 99.8975
2698 100
2877 99.9905
2877 100
2877.58 99.9904
3193 99.9737
3193 100
3193.61 99.9736
3206 99.973
3206 100
3215.69 99.9725
3264 99.9699
3264 100
3277.21 99.9692
3304 99.9678
3304 100
3318 99.9879
3318 100
3318.21 99.9877
3343.65 99.9656
3433 99.9609
3433 100
3461.33 99.9594
4252 99.9173
4252 100
4295.48 99.915
4320 99.9137
4320 100
4363.93 99.9114
4373 99.9109
4373 100
4397 99.9753
4397 100
4646 99.9582
4646 100
4688.43 99.9511
4705 99.9483
4705 100
4722 99.9834
4722 100
4722.98 99.9824
4768.85 99.9376
4888 99.9176
4888 100
4907.74 99.9143
5005 99.898
5005 100
5032 99.9528
5032 100
5108.81 99.8805
5177 99.8691
5177 100
5253.49 99.864
5534 99.8491
5534 100
5583.59 99.8465
5603 99.8454
5603 100
5647 99.9646
5647 100
5661.28 99.9531
5716.22 99.909
5721 100
5721 99.9051
5808.87 99.8345
5989 99.8249
5989 100
6150.36 99.8163
6278 99.8095
6278 100
6401.65 99.8029
6428.78 99.8015
6470 100
6470 99.7993
6766 99.7835
6766 100
6885.48 99.7772
6911 99.7758
6911 100
6953 99.8248
6953 100
7103.34 99.7656
7520 99.7434
7520 100
7560 99.9123
7560 100
7640.61 99.737
7719 99.7328
7719 100
7799.16 99.7286
8083 99.7135
8083 100
8128.75 99.711
8193 99.7076
8193 100
8203 99.9893
8203 100
8218.03 99.9733
8397.98 99.7816
8400 100
8400 99.7794
8481.84 99.6923
8485 99.6921
8485 100
8518 99.9773
8518 100
8519.86 99.9971
8520 100
8520 99.9968
8543.35 99.9598
8588 99.9291
8588 100
8862 99.8088
8862 100
9014 99.7996
9014 100
9039.05 99.7666
9047 99.7561
9047 100
9067.2 99.7295
9121.27 99.6582
9147 99.6569
9147 100
9253 99.8484
9253 100
9301 99.969
9301 100
9316.4 99.959
9440 99.8791
9440 100
9518.82 99.9033
9550 100
9550 99.865
9561.77 99.8505
9563 100
9563 99.849
9648.07 99.7446
9806 99.6425
9806 100
9923 99.9457
9923 100
10107 99.9848
10107 100
10107.2 99.9848
10233 99.9744
10233 100
10236.6 99.9741
10778 99.9293
10778 100
10800.3 99.9275
10888 99.9202
10888 100
10906.6 99.9187
10917.7 99.9178
10920 100
10920 99.9176
10988 99.9119
10988 100
11051.1 99.9067
11149 99.8986
11149 100
11153 99.9847
11153 100
11155.1 99.9769
11176.1 99.8964
11197 99.8947
11197 100
11201.7 99.8943
11256 99.8898
11256 100
11370.2 99.8803
11545 99.8659
11545 100
11672 99.9527
11672 100
11686.6 99.9472
11726 99.9325
11726 100
11757 99.939
11757 100
11787.8 99.9095
11929 99.8568
11929 100
12245 99.8277
12245 100
12323.5 99.8489
12327 100
12327 99.8422
12349.2 99.7994
12430 99.7927
12430 100
12438 99.9977
12438 100
12439 99.9974
12469 99.9886
12469 100
12598 99.9681
12598 100
12616.2 99.9636
12711 99.9402
12711 100
12717 99.9966
12717 100
12717.6 99.9962
12774 99.9641
12774 100
12781.7 99.9597
12895.7 99.8946
12900 99.8936
12900 100
12919 99.8889
13070 99.8516
13070 100
13400 99.9809
13400 100
13412 99.9804
13412 100
13438.2 99.9786
13459 99.9774
13459 100
13465.4 99.9771
13496 99.9753
13496 100
13498.5 99.9751
13567 99.9712
13567 100
13614.6 99.9684
14153 99.9372
14153 100
14172.7 99.9361
14260 99.931
14260 100
14283.8 99.9296
14293 99.9291
14293 100
14301.6 99.9286
14682 99.9065
14682 100
14713.9 99.9047
14796 99.8999
14796 100
14796.1 99.8999
14803 99.8995
14803 100
14846.4 99.897
14858 99.8963
14858 100
14927 99.9
14927 100
15065.6 99.8843
15195 99.8768
15195 100
15217.5 99.9028
15223 100
15223 99.8791
15223.9 99.8751
15227 99.8749
15227 100
15232.7 99.8746
15368.5 99.8667
15391 100
15391 99.8654
15827 99.8401
15827 100
15866.4 99.8799
15968 100
15968 99.8319
16094 99.8246
16094 100
16191.2 99.819
16461 99.8034
16461 100
16487 99.9658
16487 100
16521.7 99.92
16528 99.9118
16528 100
16548.3 99.8905
16557 100
16557 99.8736
16617.2 99.7943
16684 99.7904
16684 100
16705.6 99.7892
16775 99.7851
16775 100
16918.2 99.7768
16937.6 99.7757
16952 100
16952 99.7749
17003 99.7719
17003 100
17027.9 99.7705
17149 99.7635
17149 100
17234 99.9002
17234 100
17316.7 99.8032
17361 99.7512
17366.4 99.7509
17386 100
17386 99.7497
17435 99.7469
17435 100
17484 99.9379
17484 100
17490.4 99.9298
17535 99.8732
17535 100
17622 99.9476
17622 100
17665.9 99.9212
17690 99.9067
17690 100
17817.3 99.8301
17904 99.7779
17904 100
18237 99.7775
18237 100
18389.5 99.6915
18569 99.6811
18569 100
18674 99.9082
18674 100
18695 99.9784
18695 100
18696.1 99.9773
18746 99.9261
18746 100
18763.4 99.9083
18858 99.8112
18858 100
18997 99.9959
18997 100
18997.7 99.9959
19306 99.9869
19306 100
19312.7 99.9867
19382 99.9847
19382 100
19389.9 99.9844
19459.3 99.9824
19462 100
19462 99.9823
19768 99.9733
19768 100
19788.3 99.9728
19906 99.9693
19906 100
19919.2 99.9689
19951 99.968
19959 100
19959 99.9678
20003 99.9665
20003 100
20037.3 99.9655
20412 99.9545
20412 100
20415.7 99.9544
20537 99.9508
20537 100
20589 99.9563
20598 100
20598 99.949
20740 99.9449
20740 100
20780.7 99.9437
20858.2 99.9414
20878 100
20878 99.9408
20962 99.9384
20962 100
21025 99.9365
21296 99.9286
21296 100
21312.7 99.9281
21478 99.9233
21478 100
21574 99.9768
21574 100
21580.8 99.9751
21597 99.9712
21597 100
21599 99.9951
21599 100
21634 99.9622
21838.5 99.9127
22181 99.9027
22181 100
22232.4 99.9012
22257 99.9005
22257 100
22263 99.9809
22263 100
22379.3 99.9825
22380 100
22380 99.9824
22772 99.9236
22772 100
22811.3 99.9177
22885 99.9066
22885 100
22964 99.9492
22964 100
23032 99.9289
23032 100
23086.1 99.8764
23088.4 99.8761
23175 99.8736
23175 100
23219.2 99.8723
23272 99.8707
23272 100
23278 99.9832
23278 100
23303.7 99.9114
23318.7 99.8694
23422 99.8663
23422 100
23432.6 99.866
23595 99.8613
23595 100
23605 99.9704
23605 100
23681.1 99.8587
23928.1 99.8515
23951 100
23951 99.8508
23970 99.8503
23970 100
24051 99.9559
24051 100
24059.9 99.9896
24062 100
24062 99.9872
24121.7 99.9175
24169.1 99.8917
24191 100
24191 99.8798
24260.9 99.8418
24375 99.8384
24375 100
24438.1 99.8366
24497.3 99.8348
24508 100
24508 99.8345
25041.3 99.8189
25063 100
25063 99.8183
25670 99.8005
25670 100
25707 99.9801
25707 100
25709.3 99.9788
25801 99.9296
25807 100
25807 99.9263
25951.3 99.8487
25971.9 99.9253
25973 99.9366
25973 100
25978.8 99.9976
25979 100
25979 99.9975
25990.1 99.9929
25992 100
25992 99.9921
26037.9 99.9731
26038 100
26038 99.973
26045 99.9701
26045 100
26049.3 99.9683
26139.6 99.9308
26159 100
26159 99.9228
26245.3 99.887
26299 100
26299 99.8647
26437 99.8074
26501 100
26501 99.7808
26513.1 99.7758
26523 99.7755
26523 100
26601.7 99.8111
26730 100
26730 99.7695
27078 99.7593
27078 100
27159.6 99.8718
27209 100
27209 99.7942
27234.1 99.7547
27257.7 99.754
27326 100
27326 99.752
27407.1 99.7496
27598.3 99.8446
27614 100
27614 99.8524
27688 99.8892
27688 100
27715 99.9454
27715 100
27776.4 99.9331
27911 100
27911 99.7866
27959.9 99.7334
28010 99.732
28010 100
28108 99.9255
28108 100
28172 99.9536
28172 100
28173.4 99.9526
28245 99.9007
28245 100
28298 99.8789
28298 100
28315 99.9696
28315 100
28326.6 99.9488
28347.9 99.9108
28376 100
28376 99.8605
28427.4 99.7685
28459 99.7457
28459 100
28850 99.8818
28850 100
28880.4 99.8727
28885.3 99.8712
28921 100
28921 99.8604
29112 99.8027
29112 100
29206.5 99.7741
29331 99.7365
29331 100
29472.6 99.848
29531 99.9706
29531 100
29538.9 99.9871
29545 100
29545 99.9771
29725.7 99.6817
29750 99.681
29750 100
29775.2 99.6803
29796 99.6797
29796 100
29832.5 99.9371
29833 100
29833 99.9362
29985 99.6741
30191 99.6681
30191 100
30380.6 99.7253
30576.6 99.98
30581 100
30581 99.9857
30592 100
30592 99.6849
30644.5 99.7611
30665 100
30665 99.7909
30700 99.8417
30700 100
30739 99.9607
30739 100
30768.4 99.9411
30809 100
30809 99.8902
30822.9 99.8761
30843 100
30843 99.8559
30901 99.7974
30901 100
30966 99.9533
30966 100
30977.8 99.9448
31263.2 99.74
31282 100
31282 99.7265
31299 99.7143
31299 100
31319 99.9378
31319 100
31647 99.8015
31647 100
31720 99.9895
31720 100
31743.3 99.9861
31874.4 99.9672
31878 99.9739
31878 100
31878 99.9739
31892 100
31892 99.9647
31972 99.9532
31972 100
31983 99.9525
31983 100
32010.2 99.9477
32404 99.8909
32404 100
32508.6 99.9519
32509 100
32509 99.9517
32749.6 99.8411
32865 99.8245
32897 100
32897 99.8199
32915 99.8173
32915 100
33397.2 99.9039
33441 100
33441 99.8952
33470.2 99.8894
33476 99.9082
33476 100
33498.9 99.9834
33499.9 99.9867
33501 100
33501 99.9902
33504 100
33504 99.9798
33539 99.9545
33539 100
33577 99.9271
33606 99.9062
33606 100
33665.4 99.8633
33681 99.8521
33681 100
33785.2 99.8365
33795 100
33795 99.8246
33821 99.8195
33837 99.8209
33837 100
33964 99.8858
33964 100
34005 99.8739
34005 100
34023 99.9048
34023 100
34051.4 99.8395
34524 99.8806
34524 100
34573.8 99.885
34867 99.9105
34867 100
34873.4 99.911
34937.2 99.9166
34986 99.9983
34986 100
34987 100
34987 100
34987 100
35041 99.9985
35041 100
35041.1 99.9985
35057.3 99.9981
35058 100
35058 99.9981
35070 99.9978
35070 100
35070 99.9978
35158 99.9954
35158 100
35160.1 99.9954
35195 99.9944
35195 100
35199.9 99.9943
35257.9 99.9928
35258 100
35258 99.9928
35265 99.9926
35265 100
35265.8 99.9926
35289.5 99.9919
35295 100
35295 99.9918
35312 99.9913
35312 100
35314 99.9913
35379 99.9896
35379 100
35379.3 99.9896
35429 99.9882
35429 100
35448.3 99.9877
35546.4 99.9851
35553 100
35553 99.9849
35571.4 99.9844
35599 100
35599 99.9837
35649 99.9824
35649 100
35672.5 99.9818
35683.1 99.9815
35837 99.9949
35837 100
35839.2 99.9951
35896 100
35896 99.9758
35942 99.9746
35942 100
35949.9 99.9744
35957.6 99.9742
35982 99.998
35982 100
35982 99.998
35984 100
35984 99.9735
36055.3 99.9716
36056 100
36056 99.9716
36476.5 99.9604
36490 100
36490 99.96
36608 99.9569
36608 100
36608.9 99.9569
36712 99.9541
36712 100
36720 99.9822
36720 100
36809.5 99.9516
36851 99.9505
36851 100
36977.2 99.9627
37226 100
37226 99.9405
37248.3 99.9399
37263 99.9654
37263 100
37273.2 99.994
37274 100
37274 99.9935
37277.9 99.9912
37283 100
37283 99.9882
37288 99.9853
37288 100
37293.8 99.9818
37360.1 99.9427
37361 100
37361 99.9422
37370.4 99.9367
37371.3 99.9366
37389 100
37389 99.9362
37414 99.9355
37414 100
37414.7 99.9355
37521 99.9326
37521 100
37568 99.9508
37568 100
37599 99.9306
37610.1 99.9303
37671.1 99.9355
37675 100
37675 99.9359
38419 100
38419 99.9718
38434 99.9745
38434 100
38444 99.9851
38444 100
38456.6 99.9786
38497 99.986
38497 100
38517.7 99.9898
38574 100
38574 99.9619
38678.8 99.9101
38685 100
38685 99.907
38696.3 99.9014
38831 99.8978
38831 100
38846 99.9913
38846 100
38848.1 99.99
38933 99.9406
38933 100
38959 99.9425
38959 100
38981.8 99.9122
39004 99.8993
39004 100
39054.7 99.9295
39085.8 99.9706
39088 100
39088 99.9735
39108 100
39108 99.97
39122 100
39122 99.8901
39201.1 99.888
39227 99.9486
39227 100
39230.9 99.9577
39249 100
39249 99.8867
39366 99.8836
39424 100
39424 99.8821
39474 99.8808
39474 100
39489.1 99.8874
39563.3 99.9764
39570 100
39570 99.9844
39583 100
39583 99.8779
39862 99.8705
39862 100
39932.3 99.8686
39967 99.8677
39967 100
40041.2 99.8657
40109 99.8639
40109 100
40132.8 99.8633
40168 99.8623
40168 100
40218.5 99.861
40252.7 99.8601
40273 99.8724
40273 100
40415.7 99.9652
40429 100
40429 99.9672
40465.1 99.9891
40466 100
40466 99.9897
40483 100
40483 99.9488
40492.7 99.9464
40520 100
40520 99.9398
40607 99.9186
40607 100
40667 99.904
40786.2 99.8749
40889 99.8933
40889 100
40906.2 99.8964
41011 99.9153
41011 100
41086.2 99.9288
41138 99.9381
41138 100
41160 99.9943
41160 100
41161.2 99.9939
41235 99.9747
41235 100
41253.2 99.9699
41262.5 99.9675
41270 100
41270 99.9656
41278.6 99.9633
41390 99.9833
41390 100
41393.6 99.984
41394 99.984
41394 100
41405.5 99.9861
41483 100
41483 99.9832
41534 100
41534 99.9537
41645 100
41645 99.8677
41835.3 99.818
41968.7 99.8145
42251 100
42251 99.807
42256 99.8068
42256 100
42271 99.9921
42271 100
42275.2 99.9899
42359.2 99.9453
42381 100
42381 99.9338
42418 99.9142
42418 100
42445 99.9371
42461 100
42461 99.8999
42465.7 99.8889
42491 99.8755
42491 100
42549.1 99.8447
42578 99.8294
42578 100
42628.3 99.956
42637 100
42637 99.9483
42770 99.8319
42770 100
42926.8 99.789
43062.4 99.7854
43148 100
43148 99.7832
43184.1 99.7822
43212 99.8717
43212 100
43224.8 99.9129
43252 100
43252 99.9197
43279 100
43279 99.7797
43465 99.7747
43465 100
43505 99.9589
43505 100
43512.1 99.9516
43523 99.9405
43523 100
43547.6 99.9152
43564.5 99.8979
43631 100
43631 99.8296
43690.2 99.7687
43710.3 99.7682
43826.7 99.7788
43946 99.7971
43946 100
44033.7 99.8903
44088 100
44088 99.8223
44090.5 99.8192
44172 99.8316
44172 100
44253.9 99.8441
44283 99.8486
44283 100
44305.7 99.852
44361.8 99.8606
44395 100
44395 99.8657
44440.5 99.8726
44467 100
44467 99.8767
44468 99.8768
44468 100
44473.9 99.8777
44647.7 99.9043
44711 100
44711 99.914
44737 99.9179
44737 100
44763.7 99.922
44776.2 99.9239
44791 100
44791 99.9262
44826 99.9315
44826 100
44843.2 99.9342
44914 99.945
44914 100
44934.6 99.9818
44935 100
44935 99.9814
44965.2 99.9547
44996.7 99.9653
45007 100
45007 99.9687
45086.9 99.9956
45087 100
45087 99.9956
45100 100
45100 99.9734
45274 100
45295 99.9695
45295 100
45326.4 99.9756
45347 100
45347 99.9596
45395.3 99.922
45559.8 99.937
45573 100
45573 99.9382
45620 99.9425
45620 100
45628.6 99.9433
45719.7 99.9516
45756 100
45756 99.9549
45840 99.9626
45840 100
45852.7 99.9637
45917 99.9696
45917 100
45960.6 99.9843
45967 100
45967 99.9819
45984.1 99.9757
46040 99.9808
46042 100
46042 99.981
46250 100
46250 99.8797
46265 99.8743
46345.8 99.9275
46420 100
46420 99.9763
46433 99.9849
46433 100
46437 99.9875
46456 100
46456 99.9288
46473.2 99.8755
46521.6 99.8852
46532 100
46532 99.8873
46603.5 99.9015
46637 100
46637 99.9082
46716.7 99.9241
46720 99.937
46720 100
46735 99.9962
46736 100
46736 99.9959
46753.9 99.9913
46754 100
46754 99.9913
46885.4 99.9577
46948.5 99.9702
46960 100
46960 99.9725
47098 100
47098 99.9032
47267 99.8599
47267 100
47511.9 99.8032
47744 99.8337
47744 100
47783.7 99.9088
47826 100
47826 99.8444
47831 99.8451
47831 100
47924.4 99.8573
48244.2 99.8993
48250 100
48250 99.9001
48431.7 99.9239
48432 100
48432 99.924
48459 99.9275
48459 100
48557.3 99.9404
48634 99.9505
48634 100
48638.8 99.9511
48800.1 99.9723
48801 100
48801 99.9724
48929 99.9892
48929 100
48933.3 99.9898
48946 99.9915
48946 100
48947.8 99.9917
48963 99.9937
48963 100
49001.4 99.9987
49011 100
49011 99.9984
49180.3 99.9929
49181 100
49181 99.9929
49368 99.9868
49368 100
49388 99.9861
49471 99.9834
49471 100
49481.3 99.9831
49560.9 99.9805
49561 100
49561 99.9805
49609.7 99.9789
49621 100
49621 99.9785
49702.2 99.9759
49724 100
49724 99.9752
49758.5 99.974
49763 100
49763 99.9739
49904 99.9693
49904 100
49915 100
49936 100
49952 100
50032 100
50083 100
50090 100
50102 100
50123 100
50144 100
50150 100
50382 100
50425 100
50647 100
50650 100
50988 100
51332 100
51333 100
51400 100
51425 100
51450 100
51473 100
51666 100
51969 100
52155 100
52209 100
52309 100
52429 100
52449 100
52564 100
52566 100
52762 100
52990 100
53052 100
53090 100
53299 100
53489 100
53611 100
53625 100
53676 100
53738 100
53770 100
53986 100
54026 100
54198 100
54375 100
54554 100
54633 100
54734 100
54851 100
54874 100
54899 100
55112 100
55263 100
55390 100
55403 100
55575 100
55722 100
55835 100
55866 100
56050 100
56273 100
56296 100
56341 100
56365 100
56414 100
56663 100
56696 100
56710 100
56801 100
56862 100
56886 100
57017 100
57050 100
57131 100
57427 100
57437 100
57628 100
57731 100
57850 100
58065 100
58138 100
58158 100
58228 100
58230 100
58433 100
58528 100
58543 100
58544 100
58557 100
58655 100
58991 100
59055 100
59101 100
59154 100
59325 100
59349 100
59442 100
59461 100
59476 100
59589 100
59674 100
59696 100
59775 100
59787 100
59805 100
59808 100
59825 100
59929 100
59939 100
59996 100
60056 100
60314 100
60321 100
60343 100
60486 100
60708 100
60755 100
60775 100
60843 100
60881 100
60891 100
61004 100
61026 100
61077 100
61212 100
61374 100
61383 100
61521 100
61522 100
61669 100
61812 100
61836 100
61963 100
61985 100
62038 100
62087 100
62140 100
62380 100
62727 100
62851 100
62870 100
62907 100
62951 100
62996 100
63125 100
63150 100
63271 100
63329 100
63340 100
63570 100
63591 100
63744 100
63871 100
63906 100
63928 100
63989 100
64095 100
64117 100
64163 100
64231 100
64421 100
64493 100
64726 100
64763 100
64886 100
64900 100
64945 100
64975 100
65066 100
65118 100
65160 100
65198 100
65226 100
65239 100
65379 100
65451 100
65460 100
65560 100
65580 100
65640 100
65667 100
65758 100
65859 100
66008 100
66070 100
66074 100
66381 100
66574 100
66726 100
66734 100
66806 100
67069 100
67210 100
67309 100
67327 100
67425 100
67530 100
67571 100
67586 100
67596 100
67807 100
67977 100
68085 100
68236 100
68326 100
68484 100
68538 100
68545 100
68598 100
68644 100
68667 100
68873 100
68888 100
69114 100
69203 100
69370 100
69454 100
69484 100
69620 100
69865 100
70041 100
70058 100
70065 100
70201 100
70268 100
70415 100
70569 100
70577 100
70711 100
70729 100
70800 100
70894 100
70974 100
71022 100
71030 100
71285 100
71405 100
71455 100
71613 100
71871 100
71978 100
72066 100
72089 100
72095 100
72160 100
72222 100
72442 100
72672 100
72847 100
72993 100
73053 100
73189 100
73194 100
73244 100
73255 100
73519 100
73635 100
73674 100
73720 100
73743 100
73861 100
74055 100
74075 100
74163 100
74497 100
74511 100
74632 100
74674 100
74900 100
74916 100
74932 100
74937 100
75150 100
75152 100
75240 100
75535 100
75584 100
75644 100
75691 100
75693 100
75785 100
75816 100
75904 100
75924 100
76047 100
76070 100
76078 100
76295 100
76357 100
76362 100
76390 100
76485 100
76563 100
76635 100
76680 100
76729 100
76957 100
77132 100
77239 100
77281 100
77319 100
77341 100
77400 100
77473 100
77509 100
77704 100
77713 100
77840 100
77905 100
77954 100
78068 100
78144 100
78277 100
78357 100
78406 100
78490 100
78618 100
78700 100
78871 100
78948 100
79073 100
79138 100
79230 100
79292 100
79398 100
79500 100
79565 100
79845 100
79901 100
79973 100
79993 100
80061 100
80200 100
80321 100
80347 100
80366 100
80491 100
80673 100
80676 100
80849 100
80914 100
80930 100
81005 100
81142 100
81228 100
81319 100
81388 100
81459 100
81470 100
81617 100
81711 100
81712 100
82041 100
82054 100
82098 100
82119 100
82213 100
82363 100
82399 100
82537 100
83280 100
83352 100
83398 100
83429 100
83494 100
83524 100
83549 100
83594 100
83933 100
84034 100
84120 100
84204 100
84559 100
84629 100
84632 100
84788 100
85132 100
85232 100
85255 100
85357 100
85405 100
85500 100
85573 100
85716 100
85858 100
85935 100
85963 100
86009 100
86053 100
86092 100
86148 100
86163 100
86335 100
86375 100
86660 100
86695 100
86715 100
86721 100
86774 100
86835 100
87243 100
87328 100
87419 100
87463 100
87635 100
87666 100
87835 100
87954 100
87955 100
88145 100
88199 100
88200 100
88201 100
88423 100
88630 100
88767 100
88821 100
88859 100
88863 100
88878 100
89059 100
89065 100
89088 100
89398 100
89431 100
90005 100
90023 100
90033 100
90140 100
90147 100
90292 100
90591 100
90627 100
90650 100
90690 100
90881 100
90883 100
91066 100
91273 100
91275 100
91324 100
91540 100
91599 100
91775 100
91912 100
91957 100
91982 100
92031 100
92144 100
92246 100
92263 100
92282 100
92589 100
92947 100
92955 100
93039 100
93071 100
93100 100
93369 100
93787 100
93793 100
93844 100
93924 100
93940 100
93994 100
94191 100
94249 100
94252 100
94295 100
94542 100
94591 100
94933 100
94947 100
94954 100
94980 100
94986 100
95192 100
95506 100
95650 100
95674 100
95872 100
95878 100
95944 100
95948 100
95975 100
96126 100
96217 100
96223 100
96251 100
96482 100
96740 100
96760 100
96924 100
96936 100
97065 100
97066 100
97369 100
97450 100
97475 100
97612 100
98073 100
98211 100
98243 100
98352 100
98557 100
98599 100
98640 100
98673 100
98798 100
98914 100
99164 100
99189 100
99611 100
99728 100
99770 100
99819 100
100074 100
100147 100
100265 100
100395 100
100586 100
100693 100
100893 100
100954 100
100975 100
101134 100
101235 100
101423 100
101557 100
101624 100
101738 100
101780 100
101810 100
101887 100
101953 100
102589 100
102856 100
102889 100
102934 100
102971 100
103070 100
103118 100
103151 100
103291 100
103357 100
103511 100
103564 100
103788 100
103845 100
103890 100
104216 100
104332 100
104366 100
104440 100
104544 100
104559 100
104641 100
104659 100
104769 100
104855 100
105152 100
105184 100
105379 100
105394 100
105499 100
105748 100
105801 100
105870 100
106012 100
106017 100
106042 100
106044 100
106064 100
106237 100
106303 100
106427 100
106492 100
106497 100
106528 100
106586 100
106601 100
106655 100
107010 100
107092 100
107120 100
107141 100
107325 100
107472 100
107504 100
107569 100
107763 100
107817 100
107843 100
107876 100
108065 100
108177 100
108250 100
108303 100
108400 100
108416 100
108429 100
108687 100
108728 100
108761 100
108805 100
108924 100
109024 100
109045 100
109162 100
109411 100
109414 100
109423 100
109444 100
109517 100
109529 100
109534 100
109539 100
109567 100
109582 100
109882 100
110182 100
110240 100
110257 100
110587 100
110843 100
110878 100
110904 100
110956 100
110967 100
111049 100
111066 100
111225 100
111384 100
111413 100
111527 100
111780 100
111812 100
111852 100
111920 100
112028 100
112243 100
112273 100
112301 100
112385 100
112467 100
112560 100
112820 100
112861 100
113087 100
113211 100
113303 100
113373 100
113548 100
113697 100
113805 100
113850 100
113892 100
113999 100
114022 100
114055 100
114056 100
114067 100
114104 100
114111 100
114230 100
114315 100
114533 100
114953 100
114982 100
114986 100
115055 100
115146 100
115168 100
115309 100
115319 100
115329 100
115484 100
115586 100
115599 100
115747 100
115749 100
115928 100
115968 100
116014 100
116038 100
116339 100
116475 100
116488 100
116525 100
116632 100
116634 100
116774 100
116905 100
116959 100
117009 100
117039 100
117121 100
117181 100
117190 100
117536 100
117563 100
117653 100
117699 100
117807 100
117925 100
117954 100
118183 100
118197 100
118428 100
118460 100
118465 100
118553 100
118721 100
118787 100
119058 100
119132 100
119138 100
119160 100
119195 100
119384 100
119416 100
119727 100
119764 100
119867 100
119877 100
119978 100
120137 100
120435 100
120913 100
120986 100
121092 100
121224 100
121355 100
121440 100
121499 100
121543 100
121660 100
121701 100
121788 100
121794 100
121837 100
121843 100
121861 100
122250 100
122270 100
122442 100
122738 100
122865 100
123007 100
123018 100
123048 100
123083 100
123151 100
123207 100
123356 100
123540 100
123672 100
123766 100
123902 100
123919 100
123964 100
123984 100
124292 100
124295 100
124515 100
124655 100
124657 100
124682 100
124709 100
124745 100
124764 100
124884 100
124954 100
124979 100
125021 100
125323 100
125603 100
125680 100
126030 100
126042 100
126049 100
126061 100
126145 100
126189 100
126264 100
126363 100
126531 100
126566 100
126640 100
126904 100
127015 100
127066 100
127119 100
127241 100
127415 100
127690 100
127795 100
127851 100
127907 100
127959 100
127973 100
128019 100
128116 100
128123 100
128258 100
128377 100
128397 100
128409 100
128482 100
128557 100
128868 100
128911 100
128942 100
129145 100
129213 100
129215 100
129229 100
129285 100
129322 100
129336 100
129387 100
129471 100
129487 100
129532 100
129774 100
129949 100
129952 100
129971 100
129986 100
130003 100
130118 100
130125 100
130506 100
130649 100
130705 100
130747 100
130769 100
130824 100
130862 100
130899 100
130959 100
131039 100
131161 100
131205 100
131558 100
131564 100
131583 100
131761 100
131845 100
131990 100
132070 100
132175 100
132252 100
132456 100
132588 100
132746 100
132823 100
132925 100
132960 100
133020 100
133247 100
133449 100
133663 100
133808 100
133980 100
134108 100
134221 100
134424 100
134513 100
134843 100
134956 100
134969 100
134976 100
135198 100
135244 100
135393 100
135429 100
135531 100
135636 100
135639 100
135675 100
135732 100
136008 100
136095 100
136241 100
136245 100
136262 100
136277 100
136318 100
136539 100
136686 100
136691 100
136803 100
136885 100
137280 100
137426 100
137539 100
137593 100
137684 100
137819 100
137933 100
137951 100
138155 100
138231 100
138234 100
138645 100
138652 100
138742 100
138767 100
138782 100
138922 100
138926 100
139032 100
139046 100
139139 100
139153 100
139311 100
139357 100
139407 100
139463 100
139468 100
139517 100
139593 100
139668 100
139765 100
139910 100
139980 100
140049 100
140085 100
140226 100
140251 100
140263 100
140576 100
140717 100
140878 100
140995 100
141039 100
141153 100
141154 100
141210 100
141285 100
141303 100
141469 100
141672 100
141727 100
141785 100
141817 100
141924 100
141953 100
142219 100
142237 100
142270 100
142302 100
142366 100
142451 100
142480 100
142574 100
142603 100
142622 100
142657 100
142712 100
142737 100
142935 100
142981 100
143178 100
143447 100
143453 100
143521 100
143598 100
143791 100
143853 100
143862 100
143902 100
143956 100
144002 100
144029 100
144282 100
144288 100
144487 100
144511 100
144544 100
144646 100
144785 100
145088 100
145133 100
145152 100
145160 100
145361 100
145487 100
145624 100
145950 100
146021 100
146096 100
146111 100
146131 100
146236 100
146251 100
146297 100
146325 100
146336 100
146492 100
146514 100
146528 100
146555 100
146671 100
146698 100
146785 100
146893 100
147019 100
147034 100
147129 100
147162 100
147344 100
147534 100
147622 100
147633 100
147821 100
147957 100
147975 100
148020 100
148160 100
148215 100
148494 100
148545 100
148813 100
148903 100
148989 100
149160 100
149836 100
149918 100
150113 100
150209 100
150468 100
150650 100
150654 100
150736 100
150804 100
150847 100
150879 100
150918 100
150939 100
150973 100
151049 100
151194 100
151298 100
151361 100
151531 100
151532 100
151977 100
152203 100
152260 100
152287 100
152301 100
152306 100
152356 100
152449 100
152542 100
152907 100
153055 100
153179 100
153323 100
153351 100
153438 100
153456 100
153479 100
153522 100
153609 100
153774 100
153790 100
153848 100
153970 100
154016 100
154222 100
154558 100
154570 100
154707 100
154868 100
155002 100
155069 100
155082 100
155253 100
155280 100
155347 100
155404 100
155423 100
155511 100
155562 100
155693 100
155695 100
156035 100
156043 100
156063 100
156124 100
156699 100
156730 100
156785 100
156962 100
157026 100
157084 100
157118 100
157142 100
157148 100
157197 100
157262 100
157532 100
157653 100
157679 100
157945 100
157963 100
158105 100
158273 100
158282 100
158308 100
158343 100
158502 100
158547 100
158745 100
158777 100
158835 100
158884 100
159015 100
159073 100
159216 100
159430 100
159618 100
159621 100
159658 100
159662 100
159931 100
159944 100
159988 100
160030 100
160060 100
160323 100
160495 100
160619 100
160622 100
160667 100
160678 100
160704 100
160718 100
160721 100
160723 100
160756 100
160834 100
160871 100
160949 100
161065 100
161203 100
161358 100
161501 100
161508 100
161550 100
161583 100
161604 100
161628 100
161853 100
161911 100
161961 100
162126 100
162173 100
162207 100
162245 100
162385 100
162456 100
162470 100
162613 100
162622 100
162786 100
162787 100
162994 100
163081 100
163157 100
163208 100
163294 100
163413 100
163467 100
163563 100
163599 100
163797 100
163823 100
163844 100
163849 100
163854 100
163871 100
163950 100
164029 100
164141 100
164159 100
164228 100
164325 100
164383 100
164445 100
164560 100
164661 100
165077 100
165364 100
165428 100
165431 100
165442 100
165501 100
165543 100
165731 100
165937 100
165956 100
166021 100
166042 100
166200 100
166612 100
166692 100
166701 100
166704 100
166859 100
166994 100
167240 100
167259 100
167262 100
167535 100
167711 100
167861 100
167863 100
167938 100
167962 100
168108 100
168385 100
168397 100
168564 100
168572 100
168591 100
168911 100
168933 100
168981 100
168993 100
169089 100
169190 100
169198 100
169249 100
169295 100
169322 100
169394 100
169420 100
169494 100
169684 100
169694 100
169741 100
169773 100
169793 100
169927 100
169989 100
170075 100
170198 100
170237 100
170458 100
170509 100
170517 100
170768 100
170787 100
170949 100
171289 100
171341 100
171376 100
171455 100
171525 100
171568 100
171659 100
171709 100
171779 100
171828 100
171968 100
171976 100
171998 100
172140 100
172383 100
172544 100
172630 100
172634 100
172717 100
172762 100
172825 100
173451 100
173929 100
174150 100
174182 100
174307 100
174384 100
174445 100
174863 100
174923 100
175280 100
175316 100
175399 100
175417 100
175511 100
175654 100
175929 100
176029 100
176229 100
176243 100
176406 100
176447 100
176529 100
176572 100
176676 100
176703 100
176744 100
176840 100
176865 100
176939 100
177009 100
177072 100
177189 100
177200 100
177221 100
177522 100
177526 100
177614 100
177618 100
177681 100
177803 100
177872 100
177902 100
177929 100
178051 100
178141 100
178144 100
178190 100
178246 100
178348 100
178416 100
178552 100
178718 100
178806 100
179026 100
179136 100
179314 100
179467 100
179501 100
179655 100
179686 100
179716 100
179790 100
179829 100
179851 100
179886 100
179894 100
179982 100
180096 100
180100 100
180252 100
180274 100
180591 100
180760 100
180796 100
180826 100
180855 100
180879 100
180960 100
180998 100
181120 100
181282 100
181401 100
181536 100
181538 100
181669 100
181769 100
181821 100
181921 100
182028 100
182184 100
182267 100
182282 100
182585 100
182624 100
182663 100
182798 100
182829 100
182865 100
183097 100
183249 100
183327 100
183426 100
183557 100
183566 100
183750 100
184050 100
184062 100
184080 100
184174 100
184399 100
184434 100
184454 100
184527 100
184603 100
184655 100
184661 100
184824 100
184874 100
184881 100
184926 100
185014 100
185122 100
185196 100
185296 100
185370 100
185398 100
185434 100
185446 100
185497 100
185514 100
185702 100
185902 100
186171 100
186266 100
186306 100
186320 100
186321 100
186324 100
186329 100
186439 100
186545 100
186615 100
186986 100
187173 100
187253 100
187317 100
187336 100
187467 100
187513 100
187530 100
187555 100
187896 100
187937 100
187987 100
188080 100
188113 100
188152 100
188303 100
188587 100
188690 100
188719 100
188749 100
188874 100
188882 100
189425 100
189425 99.7938
189453 99.792
189453 100
189475 99.9716
189475 100
189489 99.9529
189531 99.8993
189531 100
189594 99.8206
189634 100
189634 99.9043
189674 100
189674 99.7772
189696 99.7758
189737 100
189737 99.7731
189806 99.7685
189945 99.8967
189945 100
189976 99.925
190018 99.964
190018 100
190024 99.9694
190057 100
190057 99.7948
190065 99.7512
190114 99.7479
190216 100
190216 99.7412
191053 99.6854
191053 100
191124 99.7236
191162 99.7637
191162 100
191387 100
191471 100
191626 100
191741 100
191901 100
191920 100
191981 100
192051 100
192154 100
192303 100
192559 100
192605 100
192611 100
192699 100
192724 100
192776 100
192885 100
192911 100
192967 100
192993 100
193063 100
193173 100
193255 100
193652 100
193744 100
193806 100
193886 100
194084 100
194219 100
194264 100
194275 100
194369 100
194413 100
194467 100
194512 100
194529 100
194543 100
194662 100
194712 100
194944 100
195003 100
195185 100
195478 100
195483 100
195505 100
195607 100
195612 100
195730 100
195812 100
195831 100
195976 100
195995 100
196031 100
196191 100
196311 100
196582 100
196687 100
196785 100
196796 100
196902 100
196912 100
196926 100
196936 100
196946 100
197170 100
197272 100
197671 100
197768 100
197819 100
198031 100
198223 100
198351 100
198467 100
198607 100
198720 100
198856 100
198982 100
199036 100
199069 100
199363 100
199415 100
199426 100
199461 100
199503 100
199528 100
199594 100
199629 100
199847 100
199898 100
199993 100
200078 100
200232 100
200247 100
200274 100
200335 100
200359 100
200505 100
200574 100
200800 100
200906 100
201110 100
201133 100
201207 100
201351 100
201357 100
201684 100
201800 100
201829 100
202004 100
202126 100
202297 100
202457 100
202515 100
202532 100
202668 100
202810 100
203101 100
203286 100
203371 100
203769 100
203794 100
203830 100
204047 100
204549 100
204641 100
204709 100
204936 100
204995 100
205089 100
205800 100
205910 100
206119 100
206294 100
206386 100
206514 100
206990 100
207020 100
207500 100
207517 100
207559 100
207561 100
207987 100
208116 100
208179 100
208232 100
208345 100
208661 100
208740 100
208972 100
209318 100
209471 100
210108 100
210197 100
210371 100
210760 100
211127 100
211380 100
211502 100
211522 100
211665 100
211685 100
211858 100
212163 100
212288 100
213156 100
213247 100
213478 100
213658 100
213761 100
213870 100
213986 100
214010 100
214060 100
214480 100
214511 100
216024 100
216028 100
216098 100
216273 100
216624 100
217498 100
217619 100
218061 100
218288 100
219305 100
219418 100
219449 100
219473 100
221511 100
221620 100
221888 100
222620 100
223995 100
224528 100
225633 100
225720 100
225990 100
225990 99.6634
226160 99.7027
226387 100
226387 99.8648
226508 100
226508 99.7835
227399 99.9902
227403 100
227403 99.9912
227404 99.9914
227410 100
227410 99.9928
227441 100
227441 99.6445
227639 99.6605
228006 100
228006 99.6903
229125 99.7809
229282 100
229282 99.7936
229370 99.8007
229719 100
229719 99.829
230106 99.8603
230158 100
230158 99.8645
230290 99.8752
230335 100
230335 99.8789
230766 99.9138
230813 100
230813 99.9176
231634 99.9841
231657 100
231657 99.9859
231831 100
231831 99.995
231834 100
231834 99.9374
231933 100
231933 99.6401
232500 99.722
232800 100
232800 99.9526
232848 100
232848 99.7723
233694 99.8945
233772 100
233772 99.9058
234424 100
234424 99.9287
234683 100
234683 99.8678
234835 99.8969
234883 100
234883 99.9062
235145 99.9566
235168 100
235168 99.961
235371 100
235371 99.683
235549 99.6993
235671 100
235671 99.7105
236665 99.8015
236690 99.8061
236974 100
236974 99.8591
237371 99.9334
237468 100
237468 99.9514
237593 99.9747
237604 100
237604 99.9768
237728 100
237728 99.8988
238614 99.9799
238625 100
238625 99.9809
238834 100
238834 99.8135
239029 100
239029 98.8158
240141 100
240141 98.2341
240449 98.4091
240816 99
240816 98.6172
241625 99.0766
242101 100
242101 99.3467
243247 99.9972
243249 100
243249 99.9983
243252 100
243252 98.6772
243637 99
243637 97.8638
245305 100
245305 97.9663
245543 97.9868
245568 98
245568 97.989
245696 98
245696 96.9297
245766 97
245766 95.9938
245778 96
245778 95.1355
246260 96
246260 95.9281
246878 97
246878 93.8267
247185 93.8713
248025 95
248025 93.9933
248071 94
248071 93.8282
248707 95
248707 92.9575
249234 93
249234 74.1386
249563 74
249563 9.04538
249612 9
249612 0
249611
24915635
