1 0
1 311
6 311.014
6 393
19 392.425
19 448
29 447.573
29 465
35 464.835
35 469
50 468.861
50 490
81 489.131
81 500
220 489.351
220 499
417 497.106
417 500
449.853 496.79
670 494.673
670 499
1374 491.307
1374 493
1465.84 491.268
1488 495
1488 490.85
1492 490.775
1492 492
1531.26 490.255
1538 490.21
1538 494
1718 492.119
1718 498
1768.84 491.587
1779 491.481
1779 498
1809 497.855
1809 500
3016 497.947
3016 499
3049.79 497.89
3238 497.57
3238 498
3252.48 497.545
3473 497.17
3473 500
3688.57 496.803
3853 496.524
3853 500
4300.45 495.763
4553 495.333
4553 496
4596.5 495.259
4780 494.947
4780 497
4895.01 494.752
5114.31 494.379
5116 495
5116 494.376
5186 494.257
5186 497
5400 494.174
5400 496
5415 495.608
5415 497
5424.02 495.372
5486.17 493.746
5553 493.633
5553 496
5603.46 493.547
5613.61 493.53
5701 498
5701 493.381
5838 493.148
5838 496
6002 493.066
6002 494
6005.34 493.006
6014.17 492.848
6047.74 492.791
6128 500
6128 492.655
6151 492.616
6151 500
6243 499.479
6243 500
6279 499.571
6279 500
6355 499.382
6355 500
6663.59 499.003
6665 499.1
6665 500
6674.58 499.763
6678 500
6678 499.679
6711.63 498.847
7258 497.082
7258 499
7307 496.944
7307 497
7309.06 496.917
7550 496.138
7550 498
7740 496.865
7740 499
7914.63 495.823
7971 495.486
7971 498
8000.6 495.309
8009 495.259
8009 496
8053.24 494.995
8187 494.196
8187 498
8286.05 493.759
8465.51 493.179
8710 492.623
8710 497
8849.78 495.707
8905 500
8905 495.199
8905.06 495.196
8954.49 494.739
9026 500
9026 494.078
9077 493.606
9077 498
9080 497.929
9080 500
9363 496.265
9363 499
9370 497.866
9370 500
9412.15 499.862
9413 500
9413 499.859
10608 495.949
10608 499
10626.6 495.888
10656 495.792
10656 499
10890.7 496.855
10916 499
10916 496.624
10943 496.377
10943 498
10978.5 496.88
11015 499
11015 495.73
11015.5 495.715
11047 495.427
11047 496
11086.8 495.063
11143 494.55
11143 498
11274 495.941
11312 498
11312 495.345
11364 494.528
11364 500
11477.8 497.949
11571.3 497.464
11580 499
11580 497.419
11976.6 495.363
11988 495.426
11988 498
12091 496.806
12091 500
12247.2 496.863
12270 496.99
12270 497
12270.4 496.992
12309 497.206
12309 500
12421.7 497.831
12813 500
12813 495.958
12962 495.412
12962 499
12989.2 498.192
13006 500
13006 497.695
13100.1 494.905
13263 494.308
13263 496
13369 495.854
13369 499
13583.4 495.947
13587 496
13587 495.896
13613.7 495.515
13707 495.386
13707 500
13802 496.685
13802 500
13819.7 497.937
13939.8 495.065
14024 494.948
14024 500
14189.8 496.336
14398 500
14398 494.862
14537 494.839
14578 495.539
14578 496
14583.5 495.632
14605 496
14605 494.828
14769 494.801
14769 500
14980 496.375
14980 499
15373 497.639
15373 499
15850 496.469
15850 499
16017.3 495.638
16527 497
16527 494.512
16591 494.502
16591 496
16622 494.497
16704.7 494.483
16763 496
16763 494.754
16775 494.816
16775 498
16978 496.954
16978 497
16978.3 496.953
17083.3 496.412
17197 497
17197 495.826
17231 495.651
17231 496
17240.7 495.601
17243 495.589
17243 499
17401 498.091
17401 499
17439 498.769
17439 499
17587 498.956
17587 500
17615.2 498.947
17683.4 498.927
17735 500
17735 498.912
18114 498.798
18114 500
18661 499.496
18661 500
18765 499.401
19385.9 498.829
19392 499
19392 498.823
19628.9 498.605
19639 499
19639 498.596
19717.1 498.524
19738 499
19738 498.505
19876.2 498.377
19895 500
19895 498.36
20046 498.221
20139 498.193
20139 500
20341.9 498.133
20612 498.052
20612 499
21079 498.296
21079 499
21099.9 498.489
21255 500
21255 498.031
21368 497.86
21368 498
21370.4 497.857
21396.2 497.818
21683 497.732
21683 500
21813.9 497.693
22109.3 497.605
22239 500
22239 497.566
22553 497.472
22553 499
22560 498.869
22560 500
22641.7 497.446
22895 497.37
22895 499
22909.7 497.365
23023.6 497.331
23348 499
23348 498.621
23392 500
23392 497.221
23468.7 497.198
23564 499.783
23564 500
23566.5 499.851
23572 500
23572 499.524
23611.8 497.156
23944.9 497.056
24037 499
24037 497.029
24354 496.934
24354 497
24356 496.933
24536.3 496.88
24542 497
24542 496.878
24616 496.856
24616 499
24674.4 496.838
24979 496.747
24979 499
25071 497.47
25071 500
25174 497.502
25174 498
25311.5 496.996
25314 500
25314 496.978
25361.2 496.633
25458 496.604
25458 498
26004 497.027
26004 498
26202.5 496.673
26399.3 496.323
26435.1 496.312
26561 497.658
26561 500
26578.6 497.846
26593 498
26593 497.291
26625 498
26625 496.32
26676.5 497.389
26725 499
26725 496.226
26758 496.216
26758 499
26807 497.239
26807 499
26902.5 498.946
26903 499
26903 498.945
26996 498.892
26996 500
27009.8 498.884
27017 498.88
27017 499
27167.8 498.794
27346.4 498.693
27385 500
27385 498.671
27637.1 498.527
27791 500
27791 498.439
27877 498.39
27877 500
27946 498.351
27995.8 498.323
28007 500
28007 498.316
28322 498.137
28322 500
28426.1 498.273
28481 499
28481 498.046
28552 498.006
28552 499
28710.9 498.026
28802 498.158
28802 499
28822.6 498.188
28880 498.271
28880 500
28991.6 498.433
29263 498.826
29263 500
29336.7 498.933
29902 499.752
29902 500
29925.9 499.787
30073 500
30073 498.471
30232.1 497.049
30566 496.859
30566 500
30573 499.852
30573 500
30711 498.258
30711 500
31156 496.983
31156 498
31321.7 496.885
31357 496.942
31357 500
31406.6 497.022
31497 497.168
31497 499
31751 498.724
31751 500
31921.8 498.539
32352 498.072
32352 499
32693 498.851
32693 499
32695.5 498.85
33126 498.661
33126 499
33143.9 498.654
33473.1 498.51
33619 500
33619 498.479
33647 499
33647 498.433
33830 498.353
33830 500
33836.4 498.351
33876.8 498.333
33887 498.679
33887 500
33921.7 499.853
33926 500
33926 499.835
34327 498.136
34369.9 498.117
34414 499
34414 498.098
34590.2 498.021
34613 499
34613 498.011
34769 497.943
34769 499
34808.5 497.925
34971.5 497.854
34974 498
34974 497.853
35209 497.75
35209 498
35238.7 497.737
35416 497.66
35416 498
35444.2 497.982
35461 500
35461 497.971
35652 497.848
35652 498
35655.6 497.846
36152 497.527
36152 500
36160.8 497.521
36209.6 497.49
36233 497.73
36245 499
36245 497.853
36454 500
36454 497.332
36503 497.301
36503 498
36534 497.281
36602.1 497.237
36620 497.28
36620 498
36622.1 497.285
37072.9 498.354
37131 500
37131 498.492
37254.2 498.785
37302 500
37302 498.984
37303 499
37303 498.9
37331.8 498.969
37333 499
37333 498.972
37345 499
37345 497.757
37394 497.724
37441 500
37441 497.692
37541 497.625
37541 498
37626.6 497.567
37879 497.397
37879 498
37910.4 497.375
37953.7 497.346
38096 500
38096 497.309
38238 500
38238 497.154
38694 496.846
38694 500
38827.6 496.806
38913 497.391
38913 500
38966 499.679
38966 500
38974.1 499.63
39115.1 498.775
39137 498.925
39137 499
39138.3 498.934
39148 499
39148 498.575
39326 497.496
39326 498
39329.7 497.473
39376 497.193
39376 500
39527.6 496.641
39615.5 497.713
39630 499
39630 497.89
39721 499
39721 496.563
39836 498
39836 496.506
40077 497.212
40077 500
40184.1 497.526
40231.3 497.664
40232 498
40232 497.666
40346 498
40346 497.209
40370 498
40370 496.829
40828 498.387
40922 500
40922 498.707
41008 499
41008 496.292
41384 500
41384 496.71
41623 497.022
41623 499
41680.2 497.096
41738 497.172
41738 500
41799 499.796
41799 500
41811.9 499.752
42028.1 499.028
42062 500
42062 498.914
42345.7 497.963
42374 498
42374 497.868
42694.9 496.793
42715 497
42715 496.758
42755.9 496.87
42854 500
42854 497.14
42890.9 497.241
42917 500
42917 497.313
43167 498
43167 495.821
43308 496
43308 495.361
43331.3 495.359
43477 496.34
43477 499
43687 495.438
43687 499
43755.7 495.409
43791.1 495.494
43879 500
43879 495.704
44194 496.459
44194 500
44353.8 496.842
44472 497.125
44472 499
44521 497.242
44531 497.266
44531 498
44552.7 497.318
44636.5 497.519
44744 499
44744 498.409
44909 500
44909 498.171
44956 498.284
44956 500
44963.9 498.339
44995 499
44995 498.377
45084.5 498.592
45330 500
45330 495.157
45352.7 495.154
45877 495.931
45977.7 497.94
45978 498
45978 497.946
46081 500
46081 496.233
46123 496.295
46123 500
46432.6 496.86
46447 496.917
46447 499
46510 498.168
46510 500
46605.6 497.543
46975 499
46975 498.47
47079 500
47079 496.97
47387.4 496.87
47402 497
47402 496.865
47579.9 496.807
47645 497.964
47645 499
47829.2 496.92
47905 500
47905 497.946
48258 497.439
48258 499
48293.5 497.388
48297.2 497.383
48329 498
48329 497.338
48426 497.198
48426 498
48544.7 497.541
49110 500
49110 496.308
49370 496.223
49370 500
49598.9 499.971
49600 500
49600 499.971
49856 499.938
49858 500
49858 499.938
50503.9 499.856
50506 500
50506 499.856
50662.7 499.836
50677 500
50677 499.834
50747.8 499.825
50764 500
50764 499.823
50895.4 499.806
50934 500
50934 499.801
50985 499.795
50985 500
50996.1 499.793
51736 499.7
51736 500
51744.1 499.698
51987.6 499.668
51998 500
51998 499.666
52212.7 499.639
52244 500
52244 499.635
52786.3 499.566
52787 500
52787 499.566
53287 499.503
53287 500
53299.7 499.501
53827.4 499.434
53840 500
53840 499.432
54109 499.398
54109 500
54134 499.395
54413.5 499.359
54449 500
54449 499.355
54468.2 499.353
54676.6 499.745
54695 500
54695 499.78
54812 500
54812 499.309
55433 499.23
55433 500
55434.8 499.23
55506 499.221
55506 500
55697.9 499.196
56451 499.101
56504 500
56504 499.094
56980.4 499.033
56999 500
56999 499.031
57408.3 498.979
57429 500
57429 498.977
57471 498.971
57471 500
57476.3 498.97
57578.1 498.958
57632 500
57632 498.951
58193.3 498.879
58199 499
58199 498.879
58738 498.81
58738 499
58748.8 498.809
58970 498.781
58970 499
58981 498.779
59022 498.774
59078 500
59078 498.767
59767 498.68
59767 499
59800.4 498.675
59988 498.652
59988 499
59991.2 498.651
60034 498.646
60034 499
60051.3 498.643
60615 498.572
60615 500
60720 498.559
60930 498.532
60930 499
60976 498.526
61208.3 498.497
61256 500
61256 498.49
61681.8 498.436
61752 499
61752 498.427
61904.6 498.408
61926 500
61926 498.405
61973.1 498.399
61985 500
61985 498.398
61999.5 498.396
62052 499
62052 498.389
62266 498.362
62266 500
62274.6 498.361
62404 498.345
62404 500
62483.4 498.335
62497.5 498.333
62544 499
62544 498.327
62716.8 498.305
62864 500
62864 498.872
62905.7 498.281
62961 498.274
62961 499
63400.2 498.218
63832.6 498.163
63886 499
63886 498.156
63927.1 498.151
64059 500
64059 498.134
64277.8 498.107
64278 500
64278 498.107
64590.1 498.067
64672 499
64672 498.057
64926.6 498.024
65081 500
65081 499.031
65132 500
65132 496.87
65187.1 495.625
65310.1 495.611
65624 498
65624 495.869
65657 496.659
65657 497
65660 496.732
65713 498
65713 496.021
65822 496.715
65822 499
65939.1 497.46
66045.9 498.14
66092 499
66092 498.433
66180 498.994
66180 499
66180.5 498.997
66181 499
66181 498.994
66491.5 497.216
66652 496.585
66652 497
66725.8 496.295
66734 496.263
66734 500
66961 499.188
66961 500
66967.1 499.167
67245.6 498.171
67354 500
67354 497.783
67393.5 497.642
67468 498
67468 497.376
67507.8 497.233
67742.3 497.97
67764 499
67764 498.038
68070 499
68070 495.551
68217 497.718
68217 499
68233 497.953
68256.7 498.303
68297 500
68297 498.897
68304 499
68304 497.166
68435 500
68435 496.566
68517 496.833
68523 497
68523 496.852
68651 497.269
68651 498
68761.7 497.742
68811 500
68811 497.791
69182 499
69182 496.871
69269 497.364
69269 498
69301 497.545
69565 499.042
69565 500
69601.5 499.249
69734 500
69734 496.521
69736 496.48
69736 500
71099 498.546
71099 500
71225.6 498.411
71269 498.365
71269 499
71271 498.967
71271 500
71554.3 498.842
71621 499
71621 498.57
71813.1 497.785
71875.6 497.718
72361 498.128
72361 500
72408 498.168
72715 498.427
72715 499
72731.2 498.441
72761.7 498.467
72817 499
72817 498.513
72865 498.554
72865 499
72893.7 498.578
72968.5 498.641
72999 499
72999 498.667
73024.1 498.688
73029 499
73029 498.692
73852 499.388
73852 500
73893.3 499.422
73923.6 499.448
74008 500
74008 499.519
74278 499.747
74278 500
74433.6 499.879
74451 499.894
74451 500
74470.7 499.91
74577 500
74577 499.767
74618.4 499.735
74624 500
74624 499.731
75168 499.307
75168 500
75189.4 499.291
75643.7 498.937
75744 500
75744 498.859
76193.5 498.509
76595 500
76595 498.197
76614.4 498.182
76727.5 498.226
76728 499
76728 498.226
76939.7 498.309
76989 499
76989 498.329
77026.4 498.343
77054 500
77054 498.354
77166.4 498.398
77176 499
77176 498.402
77186 498.406
77186 499
77201.5 498.412
77794.2 498.645
77871 500
77871 498.675
78184 498.798
78184 499
78190.6 498.8
78268 498.831
78268 499
78277.4 498.835
78468 498.909
78468 500
78549.6 498.941
78699 499
78699 497.945
78828.9 498.044
78964 499
78964 498.148
79046.2 498.211
79058 500
79058 498.22
79331 498.43
79331 499
79359.1 498.452
79390.5 498.476
79391 499
79391 498.476
79482 498.546
79482 499
79490 498.552
79602.7 498.639
79673 500
79673 498.693
81165 499.839
81165 500
81171.9 499.845
81374 500
81374 496.47
81389.2 496.144
81443 497
81443 494.991
81486.9 494.05
81562 493.799
81562 495
81768 495.017
81768 499
81957 498.368
81957 500
81967.2 498.334
82424 496.805
82424 497
82431.1 496.781
82501.7 496.545
82541 496.78
82576 497.674
82576 500
82602 498.339
82667 500
82667 497.741
82701 498.045
82701 499
82701.7 498.051
82920 500
82920 495.145
82930.4 495.111
82971 495.114
82971 499
83094.1 497.706
83100 498
83100 497.644
83269.3 495.864
83387 500
83387 496.885
83395 497
83395 495.148
83428.4 495.151
83450 495.358
83450 499
83663.9 495.17
83846 495.185
83846 498
83930 497.115
83930 499
84067 498.317
84067 500
84124.2 498.032
84348.7 496.914
84370 498
84370 496.808
84597 495.677
84756 496.926
84756 500
85196 499.828
85196 500
85203.1 499.825
87094.3 499.085
87198 499.942
87198 500
87200.4 499.962
87205 500
87205 499.888
87247 499.216
87247 500
87349 500
88982 500
90040 500
90117 500
90117 499
90181 499
90223 499
90637.5 499
90703 500
90703 499
90772 499
90772 500
90842.3 499
90899 499
90899 500
90921.7 499
90968 499
90968 500
90977.2 499
90980.3 499
91048 500
91048 499
91185 499
91507.3 499
91511 500
91511 499
91618 499
91712.6 499
91760 500
91760 499
91880.1 499
92018 500
92018 500
92018 499
92241 499
92285.3 499
92366 500
92366 499
92577 499
92577 500
92586.2 499
92844 499
93107 499
93107 500
93571.8 499
94149 499
94149 500
94205.2 499
94292 499
94875 499
94875 500
94883 499
95155 499
95188 500
95188 499
95619 499
96082 499
96082 496.82
96118.3 496.675
96460.6 496.239
96761 497.469
96761 499
96843.5 497.807
97118 498.931
97118 499
97128.8 498.975
97287.5 499.625
97298 500
97298 499.668
97379 500
97379 498.428
97479 498.871
97479 499
97485.7 498.901
97508 499
97508 498.569
97544.5 498.026
97742.7 497.574
97767 500
97767 497.518
97806 497.429
97806 500
97963.4 497.07
98097.1 496.765
98150.1 496.892
98177 499
98177 496.956
98264 497.165
98264 500
98299.8 497.251
98317 497.292
98317 498
98341 497.349
98451 497.613
98451 499
98498 498.757
98498 499
98519.2 498.647
98634.3 498.052
98674 498.147
98674 499
98674.3 498.148
98726 498.272
98726 500
98802.9 498.456
98999 498.926
98999 500
99336.6 498.558
99432 500
99432 498.15
99488.8 497.907
99560 498
99560 497.603
99681 497.086
99681 498
99850 497.677
99850 499
99881.7 497.617
99918.2 497.547
100165 499.507
100165 500
100173 499.575
100227 500
100227 496.957
100330 496.761
100486 497.252
100486 500
100532 497.884
100644 500
100644 497.749
100777 498.167
100777 500
100822 499.462
100822 500
100846 499.173
100898 498.548
101010 498.899
101010 500
101058 499.075
101058 500
101213 499.539
101216 499.548
101306 500
101306 499.83
101360 500
101360 499.104
101888 497.537
101907 497.648
101907 498
101916 497.7
101966 498
101966 497.307
102133 496.812
102238 498
102238 497.204
102272 498
102272 496.657
102404 496.696
102404 500
102459 496.712
102478 496.717
102506 499
102506 496.725
102728 496.79
102856 500
102856 496.827
102968 496.859
102968 498
102971 497.952
102971 500
103619 498.662
103619 500
103694 498.506
103865 498.154
103900 498.707
103900 500
103918 498.989
103982 500
103982 498.265
104010 500
104010 497.854
104547 496.745
104547 499
104635 497.613
104647 497.943
104647 500
104791 497.709
104818 498
104818 497.28
104897 496.022
105042 495.723
105042 500
105055 499.815
105055 500
105067 499.649
105089 499.332
105089 500
105138 498.633
105340 495.764
105340 496
105341 495.744
105343 495.721
105343 500
105381 495.186
105394 494.995
105470 494.839
105491 494.961
105491 496
105500 495.933
105500 499
105703 498.556
105703 499
105704 498.554
105718 498.524
105736 499
105736 498.484
106002 497.903
106030 498.062
106030 500
106164 498.834
106193 499
106193 498.582
106361 497.118
106438 496.951
106438 498
106474 496.873
106530 496.751
106913 498
106913 497.188
107189 500
107189 498.652
107388 497.321
107388 498
107409 497.179
107468 496.784
107562 497.148
107562 500
107684 497.911
107695 498
107719 497.76
107781 498
107781 497.775
107853 500
107853 497.445
107925 497.578
107925 500
107983 497.685
108326 498.319
108365 500
108365 498.922
108423 500
108423 498.498
108605 498.834
108605 499
108632 498.885
109059 499.673
109059 500
109077 499.706
109236 500
109236 499.792
109245 500
109245 496.974
109531 498.31
109531 499
109651 498.87
109661 498.917
109681 500
109681 499.01
109785 499.496
109785 500
109789 499.909
109789 500
109796 499.756
109803 499.582
109806 499.594
109806 500
109824 499.68
109893 500
109893 498.609
110050 498.44
110151 499
110151 498.331
110294 498.176
110325 498.274
110325 500
110370 499.356
110370 500
110420 498.636
110424 498.59
110864 500
110864 497.562
110916 497.506
110916 500
110927 499.224
110927 500
111090 497.97
111090 499
111137 497.39
111147 497.256
111158 497.244
111196 497.648
111196 498
111214 497.838
111229 498
111229 497.701
111281 497.231
111308 499
111308 497.083
111357 497.03
111636 498
111636 496.729
111844 496.504
111856 497
111856 496.703
111868 497
111868 496.478
112013 496.322
112013 499
112154 496.208
112154 498
112185 496.435
112185 498
112396 495.909
112426 495.876
112432 496
112432 495.87
112474 495.824
112474 497
112527 495.972
112591 498
112591 495.698
112649 495.636
112649 499
112700 498.488
112700 500
112705 498.436
113002 495.455
113113 495.486
113113 496
113118 495.661
113138 499
113138 495.493
113161 495.499
113161 497
113380 495.84
113515 498.814
113515 499
113522 498.962
113569 500
113569 498.699
113585 498.609
113653 500
113653 498.231
113875 496.994
113875 497
113875 496.993
113907 496.815
113907 499
114103 496.327
114186 500
114186 495.781
114336 495.822
114336 496
114352 495.827
114420 495.846
114420 498
114555 495.883
114661 495.912
114756 497.097
114842 499
114842 498.181
114987 500
114987 499.979
114988 500
114988 496.101
115047 496.18
115047 499
115139 496.301
115272 496.478
115351 497
115351 496.583
115375 496.615
115398 498
115398 496.645
115402 496.651
115480 498
115480 496.754
115631 496.955
115631 499
115643 496.976
115699 497.702
115699 498
115704 497.767
115722 498
115722 497.075
115880 497.285
115880 499
115922 497.34
115946 497.372
115952 499
115952 497.381
115958 497.389
115958 499
116017 497.467
116145 497.637
116191 498
116191 497.698
116228 497.746
116441 499.493
116441 500
116461 499.653
116503 500
116503 498.9
116544 498.167
116658 498.317
116658 499
116662 498.323
116952 498.708
117036 499
117036 498.819
117059 498.85
117059 500
117096 499.489
117116 500
117116 499.207
117134 498.95
117895 499.959
117895 500
117897 499.961
117926 500
117926 499.387
118063 500
118063 499.047
118332 500
118332 499.677
118461 500
118461 497.713
118492 497.62
118492 500
118637 498.442
118685 500
118685 498.194
118831 499
118831 497.738
119390 500
119390 497.214
119426 497.224
119426 499
119498 497.244
119859 497.343
119860 498
119860 497.344
119895 497.353
120033 499
120033 497.391
120555 497.535
120572 500
120572 497.54
120687 497.571
120714 498.444
120714 499
120722 498.692
120731 499
120731 498.311
120749 497.588
120953 497.645
120953 499
121042 497.989
121042 499
121334 497.749
121729 497.858
121752 497.937
121817 499
121817 498.156
121889 498.399
121889 499
121945 498.589
121985 498.725
122189 499.876
122189 500
122191 499.958
122191 500
122195 499.911
122211 500
122211 499.575
122297 497.745
122339 496.876
122446 498
122446 495.2
122543 494.587
122558 494.589
122558 496
122900 495.23
122914 495.774
122914 498
122927 495.167
123149 494.667
123149 495
123242 494.654
123242 498
123267 497.958
123267 498
123270 497.952
123342 497.831
123345 498
123345 497.825
123544 497.488
123592 500
123592 497.406
123620 497.359
123620 500
123658 497.331
123658 498
123697 497.229
123836 496.993
123836 497
123836 496.992
123976 496.755
123976 500
124135 497.413
124260 498.028
124260 499
124365 498.544
124396 498.701
124407 499
124407 498.753
124457 499
124457 498.142
124731 496.949
124731 498
124735 496.933
124818 496.57
124818 497
124853 496.419
124907 496.183
124907 498
125524 497.587
125600 498.191
125600 499
125627 498.406
125827 500
125827 497.385
126376 497.018
126376 499
126495 498.374
126495 499
126599 497.951
126599 499
126707 497.26
126807 496.729
126947 496.636
126947 500
126976 497.187
127012 498
127012 497.084
127111 498
127111 496.526
127117 496.522
127167 497.546
127167 499
127234 497.091
127270 497.651
127270 498
127276 497.748
127420 500
127420 496.319
127455 496.296
127455 498
127504 497.167
127534 497.911
127555 499
127555 496.303
127560 496.226
127564 496.223
127564 499
127788 496.363
127868 497
127868 496.312
127931 497
127931 496
127931 495.978
127947 495.967
127950 498
127950 495.965
127974 495.949
127977 496
127977 495.947
127994 495.935
128031 498
128031 495.911
128211 495.791
128318 500
128318 495.719
128338 495.706
128338 498
128428 496.171
128582 499
128582 496.434
128685 497
128685 495.474
128714 495.454
128714 496
128714 495.454
128730 495.443
128796 500
128796 495.88
128888 496.827
128888 499
128928 498.174
128928 500
128959 499.575
128959 500
128985 499.222
129024 498.68
129026 499
129026 498.655
129043 498.423
129196 500
129196 496.329
129207 496.268
129612 500
129612 494.866
129612 500
129705 496.068
129750 494.925
129771 494.94
129771 498
129857 497.484
129857 499
129957 496.885
130108 495.98
130108 498
130173 497.175
130173 498
130236 496.927
130296 500
130296 495.902
130328 495.349
130366 495.377
130436 500
130436 495.877
130479 496.81
130479 500
130495 498.128
130495 499
130537 498.063
130626 500
130626 496.059
130640 495.746
130660 497
130660 495.592
130782 495.682
130834 497
130834 495.72
130878 495.752
130878 496
130884 495.756
130963 495.814
131131 500
131131 495.938
131226 496.007
131226 500
131248 499.944
131248 500
131250 499.938
131920 498.229
131989 500
131989 498.053
132032 497.943
132032 498
132049 497.976
132049 500
132282 497.978
132319 498.506
132319 500
132568 499.301
132568 500
132664 499.033
132891 498.394
132934 499
132934 498.275
132999 498.092
132999 500
133080 497.866
133141 497.694
133141 499
133206 497.512
133221 497.47
133252 497.492
133272 500
133272 497.507
133278 497.512
133278 499
133484 497.663
133516 497.686
133544 498
133544 497.707
133609 497.754
133609 498
133616 497.759
133944 498
133944 496.945
133970 496.998
134093 497.987
134093 498
134093 497.991
134218 499
134218 495.337
134286 495.278
134638 500
134638 497.942
134644 498
134644 494.973
134750 494.883
134781 495.381
134781 499
134932 494.727
135004 494.666
135038 494.708
135038 499
135209 495.035
135291 496
135291 495.026
135301 495.039
135301 498
135305 495.043
135630 495.452
135630 497
135747 495.598
135817 495.687
135817 500
136002 499.16
136002 500
136069 498.854
136287 497.866
136287 499
136349 498.389
136349 499
136530 497.283
136592 497.148
136592 498
136638 497.655
136661 498
136661 497.488
136682 497.331
136794 497.736
136794 499
136915 498.174
137420 500
137420 497.347
137478 497.092
137549 499
137549 496.778
137573 496.67
137575 498
137575 496.663
137726 495.996
137769 496.192
137769 500
137909 496.833
137918 496.874
137918 499
138031 497.393
138041 497.437
138041 498
138042 497.726
138042 500
138282 498.54
138425 499.193
138441 500
138441 499.268
138601 500
138601 496.602
138626 496.45
138626 500
138805 498.666
138805 500
138813 498.603
138842 498.391
138842 499
138932 498.302
139011 500
139011 497.695
139212 496.143
139212 500
139594 497.865
139606 498
139606 497.8
139889 496.221
139918 496.253
139962 497
139962 496.302
140040 496.389
140109 499
140109 496.466
140540 496.946
140540 498
140562 496.971
140851 497.293
140990 500
140990 497.448
141491 498.006
141645 499
141645 498.178
141674 498.211
141674 499
141730 498.273
141855 498.412
141862 499
141862 498.42
141911 498.475
141931 499
141931 498.497
142004 498.579
142013 500
142013 498.589
142183 498.778
142239 500
142239 498.92
142272 500
142272 498.877
142978 499.664
142985 500
142985 499.672
143279 500
143279 498.9
143378 496.922
143528 497.647
143528 499
143533 497.67
143601 498
143601 496.518
143647 496.605
143721 498
143721 496.746
143818 496.93
143818 498
143938 496.397
144217 500
144217 496.791
144277 495.748
144410 498
144410 495.753
144440 495.766
144440 499
144560 496.088
144774 498.085
144774 500
144860 499.864
144866 500
144866 499.855
144915 499.777
144915 500
144925 499.761
145311 499.153
145319 500
145319 499.139
145736 498.481
145790 499
145790 498.396
145817 498.353
145817 499
145832 498.33
146111 497.889
146111 498
146117 497.879
146348 497.515
146348 500
146806 498.463
146848 499
146848 498.322
146937 498.022
146956 498.14
146956 500
147026 498.585
147081 498.93
147082 499
147082 498.94
147249 500
147249 496.977
147263 496.93
147400 496.986
147400 498
147422 496.995
147434 497
147434 496.438
147436 496.35
147450 496.302
147450 498
148242 497.82
148242 499
148242 497.819
148640 497.729
148640 498
148641 497.729
148652 497.726
148701 499
148701 497.715
148990 497.649
149088 499
149088 497.627
149141 497.615
149169 498
149169 497.608
149372 497.562
149372 499
149727 498.661
149741 499
149741 498.647
149914 498.482
149914 499
150069 498.334
150553 497.871
150557 498
150557 497.867
151057 497.389
151066 498
151066 497.381
151347 497.112
151485 497.081
151485 498
151568 497.062
151696 497.032
151836 500
151836 497.001
151916 496.982
151916 500
151958 496.973
152034 496.955
152044 498
152044 496.953
152097 496.941
152108 498
152108 496.939
152217 496.914
152217 500
152381 497.571
152399 498
152399 497.789
152412 498
152412 497.566
152545 500
152545 498.857
152558 499
152558 496.836
152653 496.814
152661 498
152661 496.813
153178 496.695
153188 496.83
153189 497
153189 496.846
153415 500
153415 498.814
153495 500
153495 496.623
153707 496.574
153760 499
153760 496.562
153898 496.531
153936 497
153936 496.67
154103 500
154103 496.981
154104 496.854
154104 499
154281 496.444
154312 496.436
154369 500
154369 496.423
154386 496.42
154386 500
154468 498.819
154468 500
154555 497.56
154639 496.362
154647 496.36
154702 499
154702 496.47
154790 496.803
154800 496.949
154800 498
154833 497.43
154867 497.937
154867 498
154868 497.959
154939 499
154939 497.365
155107 498
155107 496.255
155177 496.239
155177 498
155192 496.236
155278 496.216
155315 498
155315 496.208
155386 496.192
155386 497
155424 496.383
155424 499
155588 496.146
155845 496.087
155845 499
156057 497.175
156057 498
156087 497.986
156087 499
156120 498.797
156120 499
156133 498.714
156209 498.25
156209 500
156241 499.648
156241 500
156251 499.539
156360 498.342
156396 499
156396 497.941
156405 497.838
156413 497.834
156413 500
156496 497.796
156836 497.637
156836 500
156908 498.554
156942 499
156942 497.861
156956 497.582
157048 497.539
157194 500
157194 497.983
157537 497.385
157537 500
157824 497.177
157943 497.122
158065 500
158065 497.065
158072 497.062
158072 498
158081 497.725
158081 499
158275 497.804
158275 498
158277 497.789
158404 497.01
158460 497.876
158460 500
158711 496.765
158788 496.729
158827 497.501
158847 499
158847 497.883
158853 498
158853 496.699
159040 496.612
159040 497
159087 496.59
159178 496.548
159318 500
159318 496.482
159332 496.476
159332 499
159442 497.208
159552 498.803
159555 500
159555 498.843
159635 500
159635 497.278
159753 498
159753 496.28
159795 496.261
159937 496.484
160037 498
160037 496.641
160353 497.136
160427 499.014
160427 500
160443 499.409
160466 500
160466 498.525
160497 497.362
160532 497.417
160604 500
160604 497.53
160640 497.586
160640 499
160650 497.601
160657 497.612
160675 498
160675 497.641
160904 498
160904 495.744
160918 495.738
160918 498
161093 497.972
161122 499
161122 497.967
161335 497.933
161447 499.771
161447 500
161448 499.788
161461 500
161461 497.913
161557 497.897
161562 498
161562 497.896
161673 497.879
161690 499
161690 497.876
161727 497.87
161765 499
161765 497.864
162086 497.812
162086 498
162087 497.812
162292 497.779
162292 498
162300 497.778
162382 497.765
162382 499
162486 498.265
162643 500
162643 497.925
162702 498.025
162878 500
162878 498.323
162928 498.408
162979 499
162979 498.494
163280 499.004
163280 500
163331 499.09
163805 499.893
163805 500
163810 499.901
163868 500
163868 498.696
163925 497.517
163956 497.512
163956 499
164288 497.643
164288 498
164345 497.449
164362 497.447
164515 499
164515 497.73
164620 498.744
164620 500
164628 499.999
164628 500
164628 499.999
164748 499.981
164750 500
164750 499.981
164915 499.957
164919 500
164919 499.956
166900 499.664
166900 500
166911 499.663
167311 499.604
167311 500
167358 499.597
167707 499.545
167723 500
167723 499.543
168218 499.47
168218 500
168259 499.464
168285 499.46
168316 500
168316 499.456
169083 499.343
169105 500
169105 499.34
171464 498.992
171464 500
171637 498.967
171728 498.954
171732 499
171732 498.953
171927 498.924
171927 499
172111 498.912
172118 499
172118 498.909
172157 498.89
172942 498.775
172959 498.902
172959 500
172994 499.165
173105 500
173105 498.751
173449 498.7
173455 499
173455 498.699
173642 498.672
173653 499
173653 498.67
173683 498.666
173689 500
173689 498.665
173997 498.62
174069 500
174069 498.609
174193 498.591
174289 500
174289 498.577
174356 498.567
174408 500
174408 498.915
174468 499.619
174470 500
174470 499.646
174500 500
174500 498.545
174763 498.507
174763 500
174937 499.014
174999 500
174999 498.663
175034 498.467
175138 498.451
175166 499
175166 498.447
175305 498.427
175328 500
175328 498.424
175470 498.403
175470 499
175515 498.396
175684 498.371
175718 499
175718 498.366
175882 498.342
175882 500
176024 499.505
176026 500
176026 499.499
176297 498.555
176297 500
176382 498.268
176683 498.224
176924 499.358
176950 500
176950 499.478
177042 499.911
177046 500
177046 499.929
177061 500
177061 498.17
177328 498.956
177328 499
177330 498.963
177343 499
177343 498.773
177386 498.121
177440 498.113
177524 499
177524 498.1
178325 497.982
178325 499
178399 497.972
178576 497.945
178576 498
178577 497.945
178910 497.896
178910 499
178941 497.892
178954 497.89
178954 499
178994 499
180111 499
180111 500
180165 499
180309 499
180309 500
180311 499
181184 499
181244 499.632
181257 500
181257 499.768
181279 500
181279 499
181502 499
181742 499.163
181930 500
181930 499.29
182265 499.516
182278 500
182278 499.525
182694 499.806
182704 500
182704 499.813
182893 499.941
182896 500
182896 499.943
182980 500
182980 499
183451 499
183490 500
183490 499
183707 499
183783 499
183880 499
184689 499
185199 499
185250 500
185250 499
185657 499
186511 499.619
186511 500
186602 499.938
186608 500
186608 499.934
186783 499.815
187038 500
187038 499.641
187577 499.274
187585 500
187585 499.269
187768 499.144
187784 500
187784 499.133
187980 499
188199 499
188199 500
188213 499
188334 499
188342 500
188342 499
188466 499
188712 499
188717 499
188982 499
189018 499
189036 500
189036 499
189099 499
189154 500
189154 499
189378 499
189443 499
189462 499.73
189462 500
189467 499.936
189469 500
189469 499.916
189546 499
189638 499
189638 500
189738 499
190098 499
190098 498.996
190514 499.426
190515 500
190515 499.427
190555 499.468
190559 500
190559 499.472
190801 499.722
190801 500
190810 499.732
191070 500
191070 497.693
191232 497.36
191574 498.2
191574 500
191636 498.353
191830 498.827
191843 499
191843 498.86
191900 499
191900 498.651
191936 498.825
191936 499
191945 498.87
192167 499.942
192167 500
192169 499.952
192179 500
192179 499.708
192290 497
192737 497
192940 498.481
192940 499
192965 498.661
193148 500
193148 497.321
193340 497.647
193340 500
193563 498.772
193572 499
193572 498.722
193585 498.651
193585 500
193712 498.278
193831 498.48
193856 500
193856 498.523
194137 499
194137 497
194263 497
194293 497
194465 497
194500 497.99
194509 500
194509 498.258
194535 499
194535 497
194640 497
194646 500
194646 497
194657 497
194866 498.384
194866 500
195508 499.801
195508 500
195524 499.796
195834 499.699
195848 500
195848 499.695
197228 499.266
197230 500
197230 499.266
197502 499.181
197502 500
197542 499.169
197560 499.163
197583 500
197583 499.156
198044 499.013
198044 500
198089 498.999
198230 498.955
198230 500
198238 498.953
198294 498.935
198294 499
198297 498.934
198303 498.932
198303 500
198352 499.591
198374 500
198374 499.411
198437 498.891
198987 498.72
198987 500
199313 498.619
199521 498.554
199521 500
199785 499.38
199785 500
199815 499.31
199970 498.946
199970 500
199970 498.945
200230 498.334
201550 497.924
201573 498
201573 497.917
202578 497.604
203436 499.328
203467 500
203467 499.391
203770 500
203770 497.784
204208 498
204208 497.098
204755 496.928
204758 497
204758 496.927
205503 496.696
205667 499
205667 498.344
205711 500
205711 496.631
206641 496.342
206759 496.612
206823 498
206823 496.759
207364 498
207364 496.118
207799 495.983
207874 497
207874 495.959
208308 495.825
208352 497
208352 495.811
208508 495.763
208837 500
208837 495.66
208869 495.651
208980 498
208980 495.616
209161 495.56
209240 497
209240 495.535
209388 495.489
209391 495.516
209493 498
209493 495.457
209833 495.351
209863 496
209863 495.342
210209 495.234
210880 500
210880 495.026
210940 495.007
211137 499
211137 494.536
211172 494.553
211319 498
211319 494.626
211602 494.766
211664 497
211664 494.796
211688 494.808
211697 495
211697 494.813
212076 495
212076 494.081
213774 494.838
213893 496
213893 494.891
214137 495
214137 494.742
214244 494.92
214367 496
214367 495.125
215077 496.307
215240 500
215240 496.578
216198 498.173
216251 499
216251 498.262
217295 500
217295 492.332
217612 497
217612 493.347
217843 495
217843 494.016
218778 497
218778 492.535
219153 500
219153 498.473
219230 500
219230 491.85
220778 493.344
221097 499
221097 493.652
221184 493.736
221494 497
221494 495.331
221763 497
221763 494.295
222494 495
222494 482.493
223256 483
223256 440.378
223573 445
223573 436.857
223934 438
223934 358.607
224212 361
224212 333.491
224730 336
224730 193.497
224889 193
224889 0
224888
111789381
