2 0
2 1654
3 1654.44
3 4486
5 4480.51
5 4516
11 4508.07
11 4912
31 4910.58
31 4940
32 4939.56
32 4944
35 4942.52
35 4999
53.6498 4933.31
111.164 4904.91
126 4903.86
126 4944
143 4943.8
143 4950
144.181 4943.78
218 4942.89
218 4993
296.59 4954.26
299 4969
299 4953.07
322 4941.73
322 4977
329.341 4941.55
338 4941.45
338 4952
341.42 4941.4
352 4941.28
352 4945
356.205 4941.23
397 4940.73
397 4967
397.405 4940.73
423 4940.42
423 4995
439.365 4940.22
469 4939.87
469 4984
497.195 4939.53
669 4937.46
669 4939
669.06 4937.46
688 4937.23
688 4939
688.01 4937.23
697 4937.12
697 4969
755.452 4936.42
938.222 4934.21
945 4952
945 4934.13
971 4933.82
971 4959
1034.97 4933.05
1036 4933.04
1036 4974
1187.85 4931.21
1212 4930.92
1212 4985
1218.01 4930.84
1234 4930.65
1234 4943
1242.44 4930.55
1315 4929.67
1315 4961
1401 4959.23
1401 4989
1444.86 4958.32
1513.75 4956.91
1529 4987
1529 4956.59
1555 4956.06
1555 4976
1563 4958.39
1563 4977
1583.79 4955.46
1635 4954.41
1635 4959
1640.43 4954.3
1695.14 4953.17
1697 4974
1697 4953.13
1723.97 4952.58
1724 4954
1724 4952.57
1736 4952.33
1736 5000
1783.56 4951.35
1817 4950.66
1817 4968
2213 4948.9
2213 4951
2215.83 4948.76
2382.38 4940.73
2397 4987
2397 4940.02
2444.41 4937.73
2455.04 4937.52
2467 4959
2467 4939.69
2488 4950
2488 4936.84
2488.87 4936.82
2492 4946.15
2492 4973
2493.69 4951.19
2501 4973
2501 4936.57
2526 4936.05
2526 4990
2542.87 4935.71
2609 4934.34
2609 4948
2628.9 4933.93
2693 4932.61
2693 4982
2700.94 4958.88
2710.34 4955.52
2717 4965
2717 4953.14
2730 4948.5
2730 4967
2744.37 4943.37
2776 4932.07
2776 4986
2781.48 4930.79
2807 4930.27
2807 4952
2839.06 4930.05
2864 4966
2864 4929.09
2990.83 4926.48
3059 4998
3059 4940.77
3060 4941
3060 4925.05
3089.5 4924.45
3115.65 4931.78
3116 4932.61
3116 4934
3116.5 4933.82
3132 4971
3132 4936.36
3252 4970
3252 4921.1
3276.66 4920.59
3283 4926.61
3283 4984
3283.42 4927.01
3335 4976
3335 4919.39
3371 4918.65
3371 4958
3374 4918.58
3420.26 4917.63
3425.36 4920.43
3426 4951
3426 4920.78
3457 4937.78
3457 4957
3467.15 4943.34
3534 4980
3534 4915.29
3540.83 4915.15
3545 4925
3545 4915.06
3561 4914.73
3561 4946
3596.85 4913.99
3613 4913.66
3613 4925
3622.23 4919.94
3635 4928.89
3635 4964
3680 4961.67
3680 4995
3701.89 4960.54
3705 4960.37
3705 4972
3709.82 4960.12
3732.75 4958.94
3734 4960
3734 4958.87
3780 4956.49
3780 4981
3795.37 4955.69
3826 4954.11
3826 4993
3832 4974.37
3832 4987
3834.27 4967.33
3838.74 4953.45
3932 4948.62
3932 4955
3935.55 4951.62
3944 4975
3944 4947.99
4068.57 4941.54
4078 4951
4078 4941.05
4175 4936.03
4175 4987
4306 4953.79
4306 4985
4338.53 4945.54
4354 4941.62
4354 4969
4410 4932.86
4410 4970
4416 4969.9
4416 4999
4626 4974.69
4626 4984
4642.12 4972.83
4673 4969.25
4673 4974
4682.19 4968.19
4708.28 4965.17
4744 4964.59
4744 4997
4762.61 4964.29
4845.28 4962.95
4859 4979
4859 4962.73
4878.95 4962.41
4954 4995
4954 4964.5
4987 4966.99
4987 4991
5004.48 4968.31
5114 4976.57
5114 4995
5128 4977.62
5133 4978
5133 4971.41
5143.7 4958.12
5335.75 4955.01
5380 4981
5380 4954.3
5413 4953.76
5413 5000
5432.14 4953.45
5529.63 4951.88
5532 4956
5532 4951.84
5561.84 4951.36
5563 4955
5563 4951.34
5565.79 4951.29
5607 4995
5607 4950.62
5611 4950.56
5611 4952
5612.74 4950.53
5639 4950.11
5639 4954
5685.08 4949.36
5694 4949.22
5694 4980
5719.9 4948.8
5949 4945.09
5949 4995
6087 4987.1
6087 4989
6092.6 4986.78
6161 4982.87
6161 4994
6162.13 4982.81
6174.4 4982.1
6185 4998
6185 4981.5
6472.83 4965.03
6499 5000
6499 4983.74
6508.76 4962.98
6562 4959.93
6562 4989
6622.89 4956.45
6654 4954.67
6654 4958
6663.13 4954.14
6674 4953.52
6674 4973
6686.84 4952.79
6920.95 4939.39
7000 4981.87
7000 4994
7012.37 4988.51
7017 4991
7017 4986.46
7017 4987
7017.61 4986.19
7068 4963.86
7068 4987
7092.6 4962.97
7173 4975
7173 4939.02
7186.72 4924.19
7278.17 4918.96
7318 4960
7318 4938.39
7325 4954
7325 4923.04
7525 4991
7525 4949.47
7572 4959.25
7572 4977
7656 4977.49
7656 4997
7659.79 4977.51
7715 4989
7715 4977.83
7780 4978.21
7780 4992
7786.44 4978.25
7844.81 4978.59
7846 4986
7846 4978.6
7932 4979.1
7932 4983
7936.32 4979.12
7952 4979.22
7952 4987
7956.68 4979.24
7959 4979.26
7959 4999
7965.31 4979.29
8028 4979.66
8028 4992
8034.5 4979.7
8392.35 4981.78
8397 4993
8397 4981.81
8428.28 4981.99
8433 4993
8433 4982.02
8569 4982.81
8569 4997
8575.91 4982.85
8657.44 4983.33
8663 4995
8663 4983.36
8819 4984.27
8819 4998
8836.78 4984.37
8904 4984.77
8904 4986
8904.09 4984.77
8927.63 4984.9
8961 4993
8961 4985.1
9022.06 4985.45
9027 4993
9027 4985.48
9071.61 4985.74
9083 4991
9083 4985.81
9285 4986.99
9285 4997
9289.06 4987.01
9349.96 4987.37
9378 4998
9378 4987.53
9423 4987.79
9423 5000
9458.33 4988
9498.31 4988.23
9507 4995
9507 4988.28
9694.62 4989.37
9697 4999
9697 4989.39
9972 4990.99
9972 4998
9975.12 4991.01
10106 4991.77
10106 4999
10124.3 4991.88
10357.1 4993.24
10358 4996
10358 4993.24
10488 4994
10488 4957.04
10541 4998
10541 4923.64
10548.3 4912.72
10605.9 4912.03
10626 4979
10626 4911.79
10678 4911.17
10678 4954
10724.9 4931.6
10749 4980
10749 4927.65
10756 4935
10756 4916.75
10770 4910.06
10817 4909.5
10817 4974
10845 4922.49
10845 4932
10871 4921.75
10871 4932
10882 4925.82
10882 4965
10893.6 4922.21
10907 4935.31
10907 4997
10944.8 4972.25
10962 4989
10962 4961.02
10990 4942.7
10990 4958
11059 4925.47
11059 4963
11080 4929.82
11080 4959
11081.9 4926.77
11092.9 4909.51
11100.1 4906.09
11126 4905.78
11126 4996
11145 4975.02
11145 4995
11247 4960.84
11270 4982
11270 4969.31
11282 4955.64
11282 4984
11322 4956.62
11328 4966
11328 4952.54
11333.3 4948.9
11335 4971
11335 4947.75
11381.9 4915.68
11392.4 4912.16
11423 4961
11423 4957.66
11464.9 4901.71
11489 4901.42
11489 4995
11520.5 4901.04
11523 4901.01
11523 4979
11579.4 4909.21
11582 4912.74
11582 4930
11586 4925.66
11586 4965
11596 4951.08
11601 4973
11601 4944.05
11603.1 4941.06
11604.7 4943.2
11606 4970
11606 4944.89
11624 4969
11624 4911.93
11631 4902.12
11659 4972
11659 4929.66
11687 4910.95
11687 4956
11688.1 4910.21
11701 4901.6
11701 4986
11798 4973.44
11798 4982
11802.2 4972.9
11859.9 4965.43
11893 4998
11893 4961.14
11902 4959.98
11902 4964
11905.3 4959.55
11929.4 4956.43
11930 4958
11930 4956.35
11965.1 4951.81
11971 4966
11971 4951.04
11984 4949.36
11984 4960
11988.1 4948.83
12056.9 4939.92
12062 4944.5
12062 4985
12066.7 4964.44
12070 4984
12070 4951.75
12121 4998
12121 4940.26
12210 4956.48
12210 4971
12218.2 4957.97
12241 4962.13
12241 4993
12259.9 4965.58
12272.8 4967.93
12275 4984
12275 4968.32
12361 4984
12361 4900.55
12364.1 4900.15
12401 4913.8
12401 4972
12428.7 4924.05
12461.8 4936.26
12477 4952
12477 4941.88
12501.4 4950.89
12506 4972
12506 4952.59
12545 4967
12545 4933.87
12554 4940
12554 4916.52
12565 4917.55
12565 4957
12571.9 4918.2
12676 4927.95
12676 4948
12702.4 4930.42
12716 4931.7
12716 4936
12719.7 4932.04
12875 4946.59
12875 4966
12889.9 4947.99
12890 4948
12890 4947.92
12909 4924.99
12911.1 4924.95
12918 4932.72
12918 4996
12940.2 4957.69
12944 4962
12944 4951.07
12958.1 4926.68
12971 4927.37
12971 4970
13104 4956.01
13104 4995
13113.6 4968.29
13114 4974
13114 4967.07
13118.5 4954.49
13146 4951.59
13146 4977
13146.8 4951.51
13305.6 4934.81
13326 4965
13326 4932.66
13366.8 4928.37
13367 4959
13367 4928.35
13385.6 4926.39
13400 4940
13400 4924.88
13440.5 4920.62
13635 4994
13635 4964.84
13664.7 4910.35
13666 4910.33
13666 4954
13697.4 4909.72
13717 4909.34
13717 4920
13726.7 4909.15
13727.8 4909.13
13741 4939
13741 4908.87
13768.2 4908.35
13865 4921.05
13865 4967
13910.4 4927
13943 4931.29
13943 4936
13945 4931.55
13980.6 4936.22
13995 4947.47
13995 4995
14012.8 4961.41
14034 4978
14034 4943.22
14093 4950.96
14093 4961
14094.2 4951.13
14139 4957
14139 4941.24
14211 4937.39
14211 4983
14231.9 4964.21
14232 4966
14232 4964.14
14244.7 4952.77
14255 4963
14255 4943.48
14263.9 4935.48
14442.9 4947.1
14444 4949.6
14444 4993
14457.7 4980.02
14464 4994
14464 4974.06
14487.9 4951.39
14501 4974
14501 4950.87
14502 4950.94
14502 4964
14519.7 4952.09
14534.7 4953.06
14581 4988
14581 4956.07
14590 4956.65
14590 4972
14638 4967.07
14638 4976
14649.6 4965.88
14663 4964.5
14663 4972
14684.7 4962.27
14850.8 4945.19
14871 4956.73
14871 4958
14871.3 4956.9
14879 4961.3
14879 5000
14887.2 4965.97
14903 4975
14903 4945.55
14939 4947.33
14939 4956
15024.6 4952.71
15107.3 4963.67
15130 4978
15130 4966.68
15152 4969.6
15152 4991
15179.5 4973.24
15197 4975.56
15197 4985
15202.7 4976.31
15204 4976.49
15204 4998
15212.7 4977.65
15238 4981
15238 4950.44
15292.4 4953.94
15301 4958.39
15301 4999
15336 4984
15336 4985
15350.1 4983.67
15376 4997
15376 4981.21
15513.5 4968.19
15588 4972.99
15588 4976
15588 4972.99
15850.6 4989.91
15851 4993
15851 4989.94
15872 4991.3
15872 4993
15872.8 4991.35
15945 4996
15945 4965.04
15998.5 4963.99
16009 4999
16009 4963.78
16301 4958.06
16301 4962
16302.4 4958.03
16329.7 4957.5
16336.4 4957.84
16339.8 4961.57
16356 4995
16356 4958.86
16369 4959.54
16369 4997
16374.3 4959.81
16391 4960.68
16391 4989
16409.9 4965.03
16430 4972.35
16430 4980
16433.4 4973.57
16451 4980
16451 4963.79
16504 4966.54
16504 4990
16507.2 4966.7
16616 4972.34
16616 4974
16616.5 4972.37
16889 4986.5
16900 4996
16900 4987.07
16995 4992
16995 4975.55
17000 4978
17000 4948.46
17020 4952
17020 4943.96
17168 4941.06
17168 4942
17170.9 4941
17233.8 4939.77
17236.7 4941.19
17242.6 4945.54
17244 4964
17244 4946.61
17266 4962.89
17266 4990
17286.2 4971.8
17298 5000
17298 4971.65
17343 4994
17343 4937.63
17349 4937.51
17349 4978
17386.5 4947.89
17391 4958.43
17391 4967
17393 4963.18
17405 4991
17405 4940.8
17407.4 4936.37
17419 4936.14
17419 4990
17464.5 4935.25
17489.7 4934.75
17493.5 4934.83
17535 4971
17535 4935.69
17554.5 4936.1
17578.3 4941.52
17595 4993
17595 4945.33
17617 4950.34
17628 4979
17628 4952.86
17727.2 4975.49
17728 4977
17728 4975.67
17747 4980
17747 4940.11
17753.1 4940.24
17790 4978.86
17790 4992
17840 4953.97
17840 4959
17850.5 4945.98
17855.3 4942.36
17917.4 4943.66
17918 4945.58
17918 4986
17999 4956.63
18003 4989
18003 4955.19
18012 4951.93
18012 4964
18049.8 4946.41
18082 4947.09
18096 4952
18096 4950.6
18148 4993
18148 4950.14
18177 4973
18177 4949.06
18194.8 4949.43
18197 4951
18197 4949.48
18207 4949.69
18207 4964
18288 4959.05
18288 4989
18306.3 4961.83
18310 4967
18310 4957.7
18381.6 4953.32
18435 4954.44
18435 4966
18449.3 4965.11
18465 4997
18465 4964.12
18499 4962
18499 4979
18511.9 4961.19
18571 4957.5
18571 4965
18742 4957.66
18742 4992
18752.9 4957.2
18859.1 4952.64
18932 4965.87
18932 4993
18959 4988.67
18959 4993
18969 4987.06
19011.3 4980.27
19076 4992
19076 4977.03
19079 4979
19079 4969.41
19083.7 4968.65
19086 4970
19086 4968.28
19110 4964.43
19110 4999
19158.4 4956.67
19237.2 4944.02
19273 4954.49
19273 4967
19285.9 4958.26
19374 4984
19374 4937.37
19384 4938
19384 4930.12
19419.8 4928.59
19428 4955
19428 4928.24
19450 4927.29
19450 4959
19457 4956.78
19457 4960
19619 4966.75
19619 4979
19624.7 4966.99
19841 4976
19841 4963.81
19970.5 4949.59
19981 4970
19981 4948.43
20075 4938.11
20075 4975
20122.4 4956.04
20172 4991
20172 4949.94
20173 4950.48
20173 4962
20189.1 4959.2
20248 4991
20248 4972.16
20275 4997
20275 4944.34
20368.6 4928.13
20407 4981
20407 4946.07
20434 4994
20434 4916.8
20450.7 4913.92
20494.5 4915.28
20550 4992
20550 4947.35
20616 4994
20616 4957.13
20622 4952.25
20622 4955
20724.8 4922.45
20741 4922.95
20741 4985
20776 4938
20776 4949
20796.6 4924.68
20850 4926.34
20850 4954
20934.2 4929.69
20941 4935
20941 4929.17
21001 4931.04
21001 4938
21004.4 4931.15
21017.1 4931.54
21064 4980
21064 4933
21160 4935.98
21160 4995
21175 4971.06
21175 4998
21259 4971.96
21259 4985
21281 4982.7
21281 4984
21282.1 4982.59
21349 4975.61
21349 4986
21395.2 4970.79
21466.3 4963.37
21474 4973
21474 4962.56
21532.5 4956.45
21543 4972
21543 4955.36
21598.1 4949.61
21621.6 4950.34
21672.1 4968.11
21673 4980
21673 4968.41
21760 4999
21760 4932.72
21763.4 4932.36
21766 4938.41
21766 4976
21780 4970.57
21792 4998
21792 4965.94
21854.8 4941.61
21859.5 4945.78
21871 4996
21871 4955.98
21916 4996
21916 4938.58
21945 4953
21945 4942.94
22117 4992
22117 4895.46
22153 4891.7
22153 4959
22214 4916.57
22214 4929
22215.7 4915.36
22233.8 4902.81
22255 4914.9
22255 4916
22255.7 4915.27
22278 4928
22278 4917.56
22339.8 4915.64
22367 4929.41
22367 4934
22375.2 4933.58
22376 4933.97
22376 4950
22388 4944.16
22388 5000
22424.7 4958.64
22441 4966.89
22441 4973
22441.3 4967.05
22457 4975
22457 4932.51
22458.7 4931.97
22463 4950.24
22463 4995
22501.9 4964.83
22508 4975
22508 4960.06
22545 4931.34
22610 4973
22610 4925.33
22642 4959
22642 4920.07
22668 4918.76
22668 4975
22698 4953.77
22698 4988
22719 4959.83
22719 4975
22752 4958.83
22752 4965
22821 4965.32
22821 4995
22885.1 4965.62
22896.1 4965.68
22900 4996
22900 4965.69
22908 4965.73
22908 4967
22908.3 4965.73
23033.2 4966.32
23067 4986
23067 4966.48
23135 4966.8
23135 4982
23184.7 4972.37
23196 4984
23196 4970.19
23211.7 4967.16
23294 4967.54
23294 4998
23310.4 4967.62
23354 4967.82
23354 4986
23378.3 4967.94
23391 4968
23391 4983
23391.8 4968
23489.5 4968.46
23556 4991
23556 4968.77
23801 4969.92
23801 4995
23827 4987.17
23827 4990
23833.6 4985.18
23883 4970.3
24095.2 4971.3
24122 4996
24122 4971.42
24209.8 4971.83
24212.6 4972.71
24219 4989
24219 4974.72
24287 4996
24287 4966.12
24332 4968.57
24332 4982
24351.6 4960.37
24380 4958.8
24398 4979
24398 4957.8
24497 4952.31
24497 4953
24497.1 4952.31
24561 4948.76
24561 4977
24586 4958.95
24586 4964
24610.7 4946.2
24614 4952
24614 4945.83
24638.5 4944.47
24644 4979
24644 4944.16
24718.8 4940.02
24719 4970
24719 4940.01
24780.3 4936.61
25056 4999
25056 4945.55
25058.2 4945.15
25065 4955
25065 4943.88
25102.3 4936.93
25126 4937.39
25126 4948
25126.7 4937.4
25155 4937.95
25155 4974
25186.5 4938.57
25234 4939.49
25234 4948
25234.2 4939.49
25282.2 4940.43
25295 4978
25295 4940.68
25484.3 4944.36
25490 4988
25490 4944.47
25543 4945.5
25543 4965
25593.5 4946.48
25623 4947.06
25623 4980
25668.4 4947.94
25734.9 4949.23
25735 4951
25735 4949.23
25841.2 4951.3
25876 4994
25876 4951.98
25990 4954.19
25990 4992
26003.6 4954.46
26058.6 4955.53
26076 4978
26076 4955.87
26084.6 4956.03
26089 4972
26089 4960.49
26093 4983
26093 4956.2
26163.8 4957.57
26201 4971
26201 4958.3
26209 4958.45
26209 4971
26212.6 4958.52
26264 4959.52
26264 4987
26281.3 4959.86
26313 4960.48
26313 4985
26329.1 4960.79
26364.9 4961.49
26375 4970
26375 4964.56
26411 4993
26411 4962.38
26597 4966
26597 4882.61
26625.4 4883.04
26659 4896.77
26659 4969
26668.5 4955.67
26669 4989
26669 4954.99
26693 4921.37
26693 4959
26757 4955.6
26757 4965
26766.8 4955.08
26770.7 4954.87
26784 4990
26784 4954.16
26797.5 4953.44
26887 4990.05
26887 4991
26887.6 4990.3
26904 4997
26904 4971.98
26909.5 4965.8
27177 4942.14
27177 4994
27212.2 4969.6
27215 4982
27215 4967.64
27260.3 4936.25
27312 4971
27312 4930.43
27322.9 4931.59
27404 4993
27404 4947.95
27429 4942.92
27473.8 4947.71
27510 4981
27510 4951.58
27585.6 4959.66
27592 5000
27592 4960.34
27605.6 4961.8
27619 4985
27619 4963.22
27786.6 4981.13
27792 4992
27792 4981.71
27879 4991
27879 4926.12
27896 4921.89
27896 4944
27927 4930.21
27927 4961
27933.4 4927.36
27967.5 4912.2
27983.1 4914.78
28053 4968.96
28053 4994
28065.7 4978.78
28075 4986
28075 4967.61
28093 4946.06
28097 4962
28097 4941.23
28100 4937.69
28105 4949.77
28105 4981
28106.4 4953.19
28126 5000
28126 4938.4
28126 4958
28130.8 4939.19
28140 4940.71
28140 4981
28217 4962.74
28217 4975
28226.7 4961.29
28256 4994
28256 4959.89
28367 4978.23
28367 4995
28396.1 4983.04
28414 4986
28414 4975.66
28437 4966.18
28451 4985
28451 4960.43
28504.6 4938.38
28543 4981
28543 4936.22
28543.5 4936.23
28574 4979
28574 4936.48
28585.4 4936.58
28593 4977
28593 4936.64
28635.3 4937
28643 4974
28643 4937.06
28644.8 4937.08
28667.9 4955.55
28677 4979
28677 4962.83
28716 4994
28716 4937.68
28721 4937.72
28721 4976
28750.2 4959.94
28786 4998
28786 4941.56
28819.5 4949.51
28830 4968.79
28830 4993
28842.8 4992.3
28847 5000
28847 4992.06
29090.8 4978.65
29108 4996
29108 4977.71
29454 4958.68
29454 4981
29473.2 4957.63
29496.4 4956.35
29500 4970
29500 4956.15
29508 4955.71
29508 4966
29514.2 4955.37
29564.5 4952.6
29600 4980
29600 4950.65
29632.2 4948.88
29650 4983
29650 4951.68
29661 4955
29661 4947.3
29664 4947.13
29664 4991
29683.6 4972.57
29727.3 4946.2
29763.7 4946.51
29782 4951
29782 4946.66
29822 4947
29822 4977
29855 4967.51
29855 5000
29946 4979
29946 4984
29949.3 4978.23
29998 4967
29998 4948.48
30031.4 4948.76
30039 4995
30039 4953.64
30040.8 4948.84
30042.5 4948.86
30043 4950
30043 4948.86
30054 4948.95
30054 4958
30060.9 4949.01
30143 4949.7
30143 4964
30200.1 4963.18
30201 4971.56
30201 5000
30232.2 4962.72
30256.2 4962.38
30326 4989
30326 4961.38
30370.6 4960.74
30414 4979.69
30414 4983
30415.8 4980.5
30433 4988
30433 4959.84
30495 4958.95
30495 4978
30504.6 4958.81
30506.5 4958.79
30519 4970
30519 4958.61
30582 4957.7
30582 4958
30582 4957.7
30622 4957.13
30622 4969
30637 4957.65
30637 4968
30643.1 4956.83
30664.8 4956.52
30675 4974
30675 4956.37
30759 4955.17
30759 4975
30801.2 4954.56
30958.2 4952.31
30967 4960
30967 4952.18
31081 4950.55
31081 4978
31118.4 4950.01
31133 4949.8
31133 4953
31165.5 4950.97
31253 4996
31253 4954
31274.3 4947.78
31309.3 4947.27
31326 4978
31326 4947.03
31334 4946.92
31501 4971
31501 4952.37
31514 4964
31514 4944.34
31520 4944.25
31520 4948
31528.5 4944.13
31579 4943.41
31579 4960
31601.8 4950.34
31616 4966.67
31616 4970
31617.9 4968.9
31645 5000
31645 4953.52
31664.1 4942.67
31806.2 4943.01
31807 4955
31807 4943.02
31807.7 4943.02
31809 4944.19
31809 4955
31815.7 4943.04
31818.8 4943.04
31835 4957
31835 4948.26
31851 4973.42
31851 4976
31851.9 4974.88
31859 4986
31859 4966.39
31878.3 4943.19
31930.5 4943.32
31942.7 4954.53
31950 4982
31950 4961.32
31981 4990
31981 4948.74
31983 4952
31983 4945.47
31992 4969
31992 4943.46
32075 4943.67
32075 4981
32079.1 4977.07
32081 4994
32081 4975.32
32114.3 4943.76
32184.9 4943.93
32190 4949
32190 4943.94
32278.8 4944.16
32307 4959.65
32307 4983
32319.3 4966.43
32324 4969
32324 4960.14
32335.8 4944.3
32336 4944.3
32340 4954
32340 4944.31
32495 4944.68
32495 4995
32515.7 4944.73
32574.3 4944.88
32614 4986
32614 4944.97
32651.9 4945.07
32671 4968.7
32671 5000
32680 4979.85
32689 4991
32689 4959.7
32695.5 4945.17
32718.1 4945.23
32725 4951.04
32725 4996
32737.3 4961.39
32763 4983
32763 4945.33
32765 4945.34
32765 4976
32768 4945.35
32795.5 4945.41
32810 4996
32810 4945.45
32821 4945.48
32821 4966
32876.1 4945.61
32900.2 4945.67
32911 4946
32911 4977
32965 4966.16
32965 4999
33426.7 4962.86
33428 4965
33428 4962.76
33434.4 4962.26
33451 4962.78
33451 4978
33490.3 4964
33503 4964.39
33503 4986
33588.9 4967.06
33616 4967.9
33616 4969
33620.4 4968.04
33780 4973
33780 4947.8
33872 4948.03
33872 4956
33883.4 4948.33
33912 4978
33912 4961.64
33940 4989
33940 4948.19
34050 4948.46
34131 4998
34131 4948.65
34215.1 4948.86
34232 4967
34232 4948.9
34314.1 4949.1
34365 4981
34365 4949.22
34420.1 4949.36
34430 4959
34430 4949.38
34579 4949.74
34579 4986
34599.7 4949.79
34604 4949.8
34604 4967
34606.1 4949.81
34657 4949.93
34657 4958
34669.9 4949.96
34686 4950
34686 4982
34705.5 4950.05
34706 4950.05
34706 4966
34707.9 4950.05
34746 4950.15
34746 4971
34771.7 4950.21
34774 4950.21
34774 4999
34806 4957.24
34806 4999
34821.4 4956.76
34838 4959.28
34846 4967.48
34846 4971
34848 4969.59
34863 4985
34863 4959.25
34875.7 4950.46
34901.7 4950.52
34922 4989
34922 4950.57
35035.4 4950.85
35040 4964
35040 4950.86
35045 4950.87
35045 4981
35053.5 4950.89
35098 4951
35098 4941.2
35226 4978
35226 4929.38
35269 4947
35269 4897.32
35272.2 4896.69
35324 4990
35324 4886.4
35332.5 4884.73
35354 4957
35354 4883.63
35388.8 4885.72
35413.8 4903.38
35435 4937
35435 4918.35
35439 4921.17
35439 4960
35478.5 4949.05
35494 4960
35494 4944.75
35503.5 4942.13
35506 4944.6
35506 4969
35517.7 4956.02
35527 4965
35527 4945.79
35539.3 4932.19
35553.2 4928.33
35556 4935
35556 4927.56
35557 4927.28
35557 4969
35580.4 4943.55
35598 4958
35598 4924.37
35604.7 4917.05
35616 4983
35616 4922
35616 4916.48
35635 4919.1
35635 4938
35641.3 4919.97
35656 4922
35656 4905.03
35697 4912.65
35697 4917
35700.9 4915.31
35744 4994
35744 4930.72
35759.3 4943.86
35760 4986
35760 4944.43
35770 4953
35770 4926.22
35838 4938.86
35838 4962
35863.9 4953.07
35879 4995
35879 4947.87
35881.6 4946.97
35992 4967.48
35992 4983
36031.8 4977.42
36047 5000
36047 4977.71
36097 4987
36097 4968.28
36179 4956.79
36179 4984
36196.5 4971.75
36209 4987
36209 4963.02
36227.7 4949.97
36246.3 4947.36
36423 4977.3
36423 4985
36436.4 4979.56
36464.4 4984.32
36466 4986
36466 4984.58
36557 5000
36557 4947.41
36565.6 4943.28
36622 4991
36622 4915.99
36626 4914.06
36626 4976
36697.5 4906.98
36708.4 4907.42
36716 4957
36716 4909.02
36745 4920.03
36745 4960
36763.3 4926.96
36766 4928
36766 4922
36769 4916.61
36820 4965
36820 4918.91
36825 4920.87
36825 4956
36867.3 4937.41
36920 4958
36920 4936.42
36927.6 4929.62
36935.5 4938.27
36940 4972
36940 4943.17
36983 4990
36983 4988.52
36984 4990
36984 4966.59
37021.2 4940.52
37041 4938.77
37041 4945
37042 4944.85
37042 4966
37090 4937.79
37091.6 4937.56
37111 4944
37111 4938.91
37149 4960.09
37149 4970
37154 4962.85
37165 4969
37165 4946.95
37168.3 4942.26
37260 4987
37260 4954.7
37261 4955
37261 4929.16
37330.9 4931.91
37331 4959
37331 4931.92
37502 4938.64
37502 4950
37504.7 4938.75
37506 4938.8
37510 4943
37510 4938.96
37590.5 4942.13
37633 4962.46
37633 4971
37640.3 4965.97
37655 4973
37655 4955.91
37668.6 4946.57
37690 4947.8
37691 4977
37691 4947.85
37854 4957.19
37854 4959
37855.1 4957.25
37939.8 4962.1
37947 4969
37947 4962.51
37969.7 4963.81
37977 4980.35
37977 4981
37977.2 4980.81
37983 4994
37983 4975.17
37993.3 4965.16
38097.8 4971.15
38107 4991
38107 4971.67
38152 4974.25
38152 4987
38171.3 4975.36
38177 4975.68
38177 4992
38197.9 4976.88
38200 4977
38200 4975.39
38259.4 4932.48
38279 4936.89
38279 4954
38334.6 4949.42
38386 4961
38386 4954.11
38391 4958
38391 4944.78
38433.5 4941.28
38443 4967
38443 4940.5
38513 4934.74
38513 4962
38521.9 4934.01
38523.6 4933.87
38538.7 4950.56
38539 4961
38539 4950.85
38560 4974
38560 4930.87
38652 4923.3
38657 4928.94
38657 4947
38667.9 4941.16
38714 4993
38714 4966.07
38735 4985
38735 4928.81
38767 4964.42
38767 4982
38775.2 4973.52
38781 4980
38781 4967.49
38825.9 4921.02
38831 4922.13
38831 4959
38860.6 4928.54
38943 4946.36
38943 4992
38962.8 4952.45
38968 4973
38968 4951.77
39105 4981.4
39105 4990
39105 4981.4
39154 4992
39154 4940.05
39171 4941.61
39171 4972
39208.4 4945.03
39328 4956
39328 4947.6
39367 4967
39367 4934.35
39391.7 4946.33
39393 4952
39393 4946.95
39422 4961
39422 4936.35
39442 4941.11
39442 4968
39465.2 4946.63
39469 4947.52
39471 4953.49
39471 4983
39500 4960.81
39500 4994
39528.9 4970.25
39547 4991
39547 4966.1
39576 4973
39576 4935.67
39579.8 4933.21
39610 4936.53
39641 4985
39641 4939.93
39650 4940.91
39650 4965
39659 4965.07
39659 4985
39670.9 4965.15
39747.5 4965.72
39775 4984
39775 4965.92
39809.6 4966.17
39820 4996
39820 4966.25
39885.5 4966.73
39970 4976
39970 4967.36
40042.9 4967.89
40050 4983
40050 4967.94
40089 4968.23
40089 4976
40092.8 4968.26
40134 4968.56
40134 4981
40138.9 4968.6
40160 4968.75
40160 4997
40172.7 4978.99
40182.2 4968.92
40297 4969.76
40297 4985
40304.4 4969.82
40412 4970.61
40412 4985
40441.5 4977.14
40449 4981
40449 4975.13
40455 4973.53
40455 4989
40465.3 4971
40495 4971.22
40495 4973
40495.1 4971.22
40497 4971.23
40497 5000
40668.5 4987.73
40672 4991
40672 4987.48
40709.8 4984.77
40721 4989
40721 4983.97
40861.4 4973.92
40867 4973.96
40867 4989
40868.6 4973.97
40959 4974.63
40959 4986
40971.5 4977.21
40974 5000
40974 4975.41
40974.9 4974.75
40991 4974.87
40991 4991
40994 4988.31
40994 4999
40998.8 4995.78
41049 4989.46
41049 4994
41169.3 4976.18
41244 4976.73
41244 4980
41248.6 4976.77
41275 4976.96
41275 4995
41296.9 4977.12
41362 4977.6
41362 4995
41367.9 4977.64
41379 4977.73
41379 4991
41407.2 4977.93
41528.9 4978.83
41529 4979
41529 4978.83
41532 4978.85
41532 4996
41590.5 4979.28
41619 4979.49
41619 4993
41632.2 4979.59
41688 4980
41688 4951.44
41691.6 4950.41
41737.6 4971.6
41745 5000
41745 4975.02
41784 4993
41784 4960
41798.8 4955.73
41803 4994
41803 4954.54
41809.5 4952.67
41811 4952.63
41811 5000
41834.2 4952.5
41841 4999
41841 4951.84
41847 4951.68
41847 4962
41874.9 4950.95
41994.2 4947.81
42025 4982
42025 4921.94
42092.2 4917.3
42314 4984
42314 4901.97
42324 4901.28
42324 4917
42327 4915.18
42327 4920
42348 4911.63
42348 4973
42379.6 4902.32
42388.5 4902.63
42443 4952
42443 4923.62
42452 4928
42452 4927.01
42492 4990
42492 4895.96
42541.5 4897.54
42546 4934
42546 4897.68
42705.8 4902.76
42709 4913
42709 4902.87
42738.1 4903.79
42751 4908.22
42751 4978
42820 4938.09
42820 4975
42826.4 4934.38
42826.7 4934.24
42888.4 4955.46
42899 4991
42899 4959.12
42951 4977
42951 4917.85
42954 4935
42954 4910.67
42954 4920
42966 4911.05
42981 4911.53
42981 4937
42988 4927.8
42988 4938
43005.3 4912.3
43005.7 4912.31
43022 4935
43022 4934.7
43049 4983
43049 4913.69
43081.3 4914.72
43091 4919.99
43091 4990
43168.2 4961.93
43194 4975.94
43194 5000
43198.8 4978.53
43207 4983
43207 4947.83
43213 4945.66
43219 4952.6
43219 4959
43222.3 4956.34
43242 4979
43242 4940.19
43251.2 4932.69
43289 4954
43289 4938.87
43337 4959.15
43337 4987
43352.2 4965.58
43384 4979
43384 4937.34
43401 4932.62
43401 4979
43411 4964.98
43411 4968
43412.4 4963
43431 4936.94
43431 4952
43454.6 4926.6
43518 4928.62
43536 4965
43536 4929.19
43579 4930.56
43579 4985
43584.6 4930.74
43593 4931.01
43593 4988
43630.1 4932.19
43640.4 4932.52
43641 4932.69
43641 4996
43689.8 4947.25
43699 4950
43699 4944.12
43771 4975.4
43771 4996
43779.7 4979.2
43800 4988
43800 4962.48
43830 4972.38
43830 4995
43899.1 4940.75
44053.6 4945.67
44058 4972
44058 4945.81
44136 4948.29
44136 4973
44138.6 4948.37
44186 4949.88
44186 4963
44195.8 4950.2
44230 4951.28
44230 4957
44233.7 4951.4
44237.1 4951.51
44244 4975
44244 4957.44
44267 4992
44267 4952.46
44401 4956.73
44401 4986
44403 4956.79
44411 4957.05
44411 5000
44559.9 4975.7
44607 4994
44607 4968.79
44608.2 4967.82
44644 4961.97
44698 4970
44698 4953.17
44700.2 4952.81
44753.9 4956.46
44757 4961
44757 4956.67
44861 4963.72
44861 4966
44886.5 4965.45
45160 4984
45160 4959.54
45185.7 4958.98
45194 4972
45194 4958.81
45241 4957.79
45241 4978
45275.6 4957.04
45306.9 4956.37
45406 4972.84
45406 4985
45734 4969.79
45734 4975
45749.2 4969.09
45875 4963.26
45875 4996
45941.3 4960.18
45962.4 4959.2
46103 4999
46103 4975.5
46133 4993
46133 4951.29
46178 4949.21
46195 4961
46195 4948.42
46196 4948.37
46196 4965
46216 4947.45
46222 4947.17
46222 4948
46223.8 4947.08
46261.5 4945.34
46277.2 4951.1
46331 4999
46331 4970.79
46378 4988
46378 4939.94
46386.8 4939.53
46534 4954.33
46534 4993
46562.4 4957.19
46594 4960.36
46594 4978
46606.9 4961.66
46652 4966.2
46652 4997
46654.4 4966.44
46676.6 4968.67
46679 4980
46679 4972
46680.8 4969.09
46693 4970.32
46693 4990
46699.1 4970.93
46839 4985
46839 4982.89
46921 4998
46921 4963.15
47057.4 4972.15
47078 4988
47078 4986
47079.8 4973.63
47087 4974.1
47087 4989
47101.2 4975.04
47136 4977.34
47136 4982
47144 4977.87
47214 4982.49
47214 4985
47216.7 4982.66
47289.2 4987.45
47293 4999
47293 4987.7
47352.5 4991.63
47353 4998
47353 4991.66
47449 4998
47449 4959.97
47636.5 4967.61
47771 4997
47771 4973.09
47799.6 4974.26
47808 4997
47808 4974.6
47916 4979
47916 4948.88
47945.6 4949.97
47959 4979
47959 4950.47
48022.2 4952.79
48032 4966
48032 4953.15
48033 4953.19
48033 4984
48034.9 4953.26
48141 4957.16
48141 4972
48150.6 4957.51
48281 4962.31
48281 4996
48322.2 4987.65
48324 4998
48324 4987.3
48355 4981.02
48355 4996
48355.3 4980.96
48356 4980.82
48356 4981
48356.5 4980.71
48366.1 4978.78
48373 4989
48373 4977.38
48421.9 4967.49
48488 4969.92
48488 4990
48525 4990.75
48525 4995
48530.4 4990.86
48723.9 4994.76
48732 5000
48732 4994.92
48835 4997
48835 4982.68
48960.1 4987.28
48961 4990
48961 4987.31
48976 4987.87
48976 4989
48976.6 4987.89
49170 4995
49170 4940.71
49205.1 4962.69
49213 4974
49213 4967.61
49260 4997
49260 4943.05
49291 4944.31
49291 4948
49292.5 4944.37
49319.3 4945.46
49350 4979
49350 4946.71
49369.9 4947.52
49376 4953
49376 4947.77
49453 4950.9
49514 4994
49514 4931.87
49551.4 4933.67
49607 4975
49607 4936.34
49616 4936.77
49616 4983
49667.5 4972.19
49669 4974
49669 4971.86
49681 4969.34
49681 4978
49681.1 4969.31
49724.9 4960.12
49735 4966
49735 4958
49743 4956.32
49743 4959
49743.3 4956.25
49773 4950.01
49773 4973
49784.2 4947.66
49795 4945.38
49862 4948.6
49862 4989
49984.4 4954.49
49995 4955
49995 4951.5
50025.3 4942.97
50132 4948.44
50132 4959
50159.9 4949.87
50217.8 4952.83
50218 4971
50218 4952.84
50324.3 4958.29
50350 4984
50350 4959.61
50388.1 4961.56
50396 4999
50396 4961.97
50448 4964.63
50448 4984
50456.2 4965.05
50521 4968.37
50521 4980
50547.2 4969.71
50904 4988
50904 4975.5
50936 4979
50936 4959.7
50937.5 4959.36
50976 4964.29
50976 4990
51037.4 4972.16
51083 4978
51083 4953.5
51092.6 4946.97
51126 4945.34
51126 4978
51181 4942.66
51199 4941.78
51199 4954
51207 4952.49
51207 4964
51211 4951.73
51220.3 4949.97
51259 4972
51259 4942.65
51286.1 4937.53
51288.8 4937.4
51302 4948
51302 4936.75
51310.5 4936.34
51313 4957
51313 4936.22
51323.8 4935.69
51356 4945.43
51356 4965
51356.5 4945.58
51373.6 4950.76
51412 4991
51412 4962.4
51447 4973
51447 4962.87
51465 4978
51465 4928.8
51507.7 4926.72
51517 4930.55
51517 4965
51547.2 4943.09
51588 4960
51588 4925.2
51774 4931.47
51794 4947
51794 4932.14
51823.5 4933.14
51870 4960
51870 4934.7
51875 4934.87
51875 4977
51878 4975.94
51878 4997
51973.3 4942.14
52042.9 4953.34
52056 4970
52056 4940.97
52105.5 4942.64
52222 4993
52222 4946.57
52251 4947.55
52251 4960
52259.8 4947.85
52280.9 4948.56
52288 4969
52288 4948.8
52292.6 4948.95
52310 4957
52310 4949.8
52314 4954
52314 4949.67
52337 4950.45
52337 4986
52343 4950.65
52348.8 4950.84
52349 4955
52349 4950.85
52350 4950.89
52350 4964
52365.2 4955.88
52398 4990
52398 4952.5
52461 4954.63
52461 4959
52464.1 4954.73
52485.1 4955.44
52496 4960
52496 4955.81
52619.8 4959.98
52644 4968
52644 4960.8
52705 4962.85
52705 4968
52706.8 4962.91
52781.8 4965.44
52782 4971
52782 4965.45
52803 4966.16
52803 4968
52803.8 4966.18
52804.4 4966.2
52807 4969
52807 4966.29
52859 4968.04
52859 4998
52900.8 4969.45
52906 4969.63
52906 4992
52941.6 4982.09
52952 4990
52952 4979.19
52977.6 4972.04
53052.2 4974.56
53065 4984
53065 4974.99
53184 4979
53184 4914.56
53190.9 4912.64
53205 4912.55
53205 4989
53320 4955.92
53320 4957
53321.3 4955.53
53338.7 4950.54
53342 4959
53342 4949.59
53414.8 4928.64
53439 4955
53439 4924.23
53457.3 4917.2
53569 4999
53569 4913.45
53593 4930.53
53593 4991
53672.5 4946.88
53751 5000
53751 4908.85
53778 4908.67
53778 4959
53834.4 4908.29
53835.5 4908.28
53847 4924.05
53847 4972
53920.8 4907.71
53972.4 4907.36
53979 4941
53979 4907.31
53991.8 4907.23
54023 4909.77
54023 4944
54024 4943.03
54024 4994
54141.7 4950.29
54143 4998
54143 4949.8
54152.6 4946.22
54181 4985
54181 4958.2
54194 4970
54194 4930.85
54209.8 4924.98
54214 4925.32
54214 4965
54216 4960.05
54216 4996
54236.6 4952.2
54255.4 4938.39
54268 4938.04
54268 4976
54298.9 4938.4
54337 4976
54337 4936.37
54347.1 4936.16
54430.5 4942.95
54469 4971
54469 4967.47
54479 4990
54479 4976.54
54485 4994
54485 4948.04
54503 4975
54503 4948.85
54543.5 4952.14
54548 4954
54548 4952.51
54554 4953
54554 4949.55
54556 4950.12
54556 4981
54571 4959.36
54571 4968
54573.3 4964.94
54583 4996
54583 4959.66
54594 4968
54594 4960.91
54700 4991
54700 4986.59
54712 4995
54712 4928.43
54758 4927.45
54758 4955
54810 4943.47
54810 4989
54859.6 4938.07
54895 4951.77
54895 4992
54940.6 4969.41
54968 4980
54968 4955.84
55012.3 4933.89
55019 4945
55019 4930.58
55029 4925.63
55029 4980
55066 4965.81
55066 4995
55068.2 4964.97
55106.5 4950.27
55117 4955.51
55117 4978
55125 4974.47
55125 4994
55134.1 4970.44
55140.9 4967.45
55148 4971
55148 4964.83
55170 4982
55170 4954.6
55191 4945.33
55191 4950
55195.1 4943.53
55255.4 4916.92
55280.7 4916.39
55285 4936.87
55285 4952
55288 4951.08
55295 4984
55295 4948.96
55411.2 4913.62
55418 4913.48
55418 4942
55439.8 4913.02
55470.7 4912.36
55488 4920.19
55488 4956
55511.5 4930.84
55598 4970
55598 4912.41
55641 4914.53
55641 4933
55663.4 4915.63
55721.4 4918.47
55753 4966
55753 4920.03
55944 4929.41
55944 4963
55985.6 4931.46
56011 4932.71
56011 4973
56080.9 4942.2
56090 4999
56090 4940.13
56149 4977
56149 4939.49
56178.2 4940.92
56232.6 4953.7
56306 4996
56306 4977.47
56315 4995
56315 4947.64
56317.5 4947.77
56319 4952
56319 4947.84
56348 4949.27
56348 4968
56372.1 4950.45
56460.7 4954.8
56464 4964
56464 4954.97
56538.5 4958.63
56575 5000
56575 4960.42
56579 4960.62
56579 4965
56583.3 4960.83
56675 4965.33
56675 4989
56675.8 4965.37
56736 4968.33
56736 4980
56736.5 4968.36
56831 4973
56831 4957.61
56847.8 4959.2
56857 4966.92
56860 4977
56860 4969.45
56894 4998
56894 4963.57
56927 4966.69
56927 4974
56932.1 4967.17
57036 4977
57036 4953.93
57087 4962.55
57087 4971
57090.1 4970.73
57094 4994
57094 4970.41
57105.4 4969.44
57137 4985
57137 4971
57279 4995
57279 4954.8
57288.2 4954.02
57329 4995
57329 4950.58
57385 4945.85
57385 4958
57395.2 4947.82
57450 4976
57450 4969.17
57512 4995
57512 4935.13
57541 4932.69
57541 4990
57547 4984.56
57547 5000
58120 4995.52
58120 4997
58125.2 4995.48
58363 4993.62
58363 5000
58374.6 4993.53
58552.8 4992.13
58554 4997
58554 4992.12
58566 4992.03
58566 4997
58571.5 4991.98
58822 4990.02
58822 4996
58868.5 4989.66
59017.4 4988.5
59037 4997
59037 4988.34
59405.6 4985.46
59442 4995
59442 4985.17
59453 4985.09
59453 4996
59470.3 4984.95
59482.1 4984.86
59492 4999
59492 4984.78
59703.9 4983.12
59750 4992
59750 4982.76
60071.2 4980.25
60210 4987
60210 4979.16
60216 4979.12
60216 4980
60228.7 4979.31
60245 4998
60245 4978.43
60250.1 4978.15
60251 4987
60251 4978.1
60304.2 4975.21
60331 4998
60331 4973.76
60421.8 4968.83
60514.8 4973.4
60529 4996
60529 4974.1
60578.3 4976.52
60579 4977
60579 4976.56
60608 4977.98
60608 4987
60615.8 4978.37
60622.8 4978.71
60623 4979
60623 4978.72
60682 4981.62
60682 4987
60689 4981.96
60726 4983.78
60726 4988
60731.9 4984.07
60873 4991
60873 4944.34
60909.4 4942.37
60910 4944
60910 4942.33
60990 4937.99
60990 4973
61093 4948.47
61093 4970
61115 4964.6
61115 4969
61123.1 4962.62
61197 4944.47
61197 4989
61233 4951.61
61233 4971
61253 4966.51
61253 4967
61253.8 4966.33
61293 4957.54
61293 4958
61293.9 4957.34
61362 4942.07
61362 4953
61368.4 4940.63
61458.8 4920.36
61476 4970
61476 4916.5
61504.8 4910.05
61547.6 4907.73
61563 4983
61563 4906.89
61605.1 4904.6
61606 4906.34
61606 4998
61706.3 4953.99
61720 4966
61720 4947.99
61741.2 4938.7
61745 4944
61745 4937.03
61782.9 4920.42
61785 4949
61785 4919.48
61807.8 4909.49
61852 4928.53
61852 4985
61853.2 4929.04
61874 4938
61874 4890.01
61877.8 4889.8
61956.8 4899.44
61959 4903
61959 4899.71
61964 4900.32
61964 4992
61972 4984.62
61972 4991
61983 4979.84
61983 4980
62067 4973.09
62067 4992
62068.3 4972.99
62122 4968.57
62122 4983
62141.2 4966.99
62196 4962.48
62196 4979
62224.4 4960.14
62233.9 4959.36
62281 4971
62281 4955.49
62361.9 4948.84
62559.9 4972.98
62562 4973.96
62562 4981
62565.1 4975.39
62595 4989
62595 4947.23
62667.5 4958.74
62673 4965
62673 4959.6
62776 4975.93
62776 4977
62782 4976.88
62815 4982.12
62815 4987
62815.8 4982.24
62852 4987.99
62852 4994
62939 4988.3
62939 4998
62958.7 4987.02
63263.9 4967.03
63309.4 4966.11
63355 4978
63355 4965.17
63460 4963.03
63460 4986
63509.2 4962.03
63531 4961.58
63531 4985
63534.5 4961.51
63681.9 4958.5
63696 4988
63696 4958.21
63728 4957.56
63728 4997
63765.7 4973.25
63776 4979
63776 4966.77
63792.7 4956.23
63854 4954.98
63854 4994
63878.5 4954.48
63881 4954.43
63881 4998
63905.1 4953.94
63987.5 4952.26
64026 4996
64026 4951.47
64034.8 4951.29
64073 4997
64073 4950.51
64166 4948.61
64175 4953
64175 4948.43
64197 4947.98
64197 4968
64222.7 4947.45
64269 4946.51
64269 4960
64272.1 4946.44
64277.5 4946.33
64296 4963
64296 4945.95
64297 4945.93
64297 4968
64361 4966.01
64361 4980
64451 4978.91
64457 4992
64457 4978.84
64793.9 4974.76
64796 4996
64796 4974.73
64980.7 4972.5
65012 4992
65012 4972.12
65032.9 4971.87
65048 4988
65048 4971.68
65278 4968.9
65278 4986
65294.3 4968.7
65425 4967.12
65425 4997
65427.2 4967.1
65452 4966.8
65452 4971
65459.1 4966.71
65522.9 4965.94
65525 4968
65525 4965.91
65546.4 4965.65
65554 4974
65554 4965.56
65624 4964.71
65624 4981
65635 4974.43
65635 4994
65659.4 4964.28
65668 4964.18
65668 4999
65739 4966.79
65739 4974
65739.2 4966.72
65746.9 4963.23
65772.7 4962.91
65779 4983
65779 4962.84
65943 4960.85
65943 4966
65968 4964.73
65968 4998
66010 4966.74
66010 4984
66010.5 4966.4
66016 4962.29
66026 4961.78
66026 4984
66047.3 4960.69
66054.6 4960.32
66079 4983
66079 4959.21
66164.4 4958.17
66165.7 4958.37
66179 4986
66179 4960.29
66199.5 4963.26
66227 4984
66227 4967.26
66237 4968.71
66237 4994
66296.8 4956.57
66303 4956.49
66303 4974
66334.8 4956.11
66368.3 4955.7
66428 4998
66428 4954.98
66563 4953.35
66563 4981
66601.1 4952.89
66624 4952.61
66624 4962
66627.5 4952.57
66673 4952.02
66673 4993
66704.3 4955.98
66759 4965.29
66759 4982
66759.3 4965.34
66869 4984
66869 4949.64
67005 4948
67042 4978
67042 4947.55
67048 4947.48
67048 4982
67050.4 4947.45
67082 4947.07
67082 4953
67101 4953.11
67101 4992
67128.5 4953.26
67177 4953.53
67177 4960
67178.3 4953.54
67209 4953.71
67209 4970
67222.3 4953.79
67346 4954.49
67346 4979
67358 4967.57
67358 4969
67368 4958.21
67368 4964
67368 4958.19
67369.3 4956.83
67371.6 4954.63
67565 4955.72
67565 4973
67565 4986
67587 4974.65
67587 4997
67642 4957.83
67642 4980
67661.6 4956.26
67740 4956.7
67740 4987
67830.5 4957.21
67895.8 4957.58
67922 4974.88
67922 4995
67938.4 4985.73
67954 4996
67954 4976.97
67987.5 4958.1
68038.9 4958.38
68075 4968
68075 4958.59
68079 4958.61
68079 4986
68095.2 4958.7
68193.2 4959.25
68275 4963.11
68275 4968
68281.9 4963.44
68292.5 4963.94
68298 4977
68298 4964.2
68360 4967.12
68360 4973
68369.2 4967.56
68421 4970
68421 4968.78
68480 4986
68480 4964.21
68564 4966.89
68564 4987
68573.5 4967.19
68769.9 4973.46
68791 4997
68791 4976.95
68818 4993
68818 4974.99
69008 4981.05
69025 4999
69025 4981.59
69056 4982.58
69056 4987
69065.8 4982.89
69107 4984.21
69117 4989
69117 4984.53
69119.3 4984.6
69122 4988
69122 4984.69
69311 4990.72
69311 4997
69313.5 4990.8
69363 4992.37
69363 4999
69365.9 4992.47
69405 4993.71
69405 4997
69407 4993.78
69414 4994
69414 4982.6
69424.3 4966.18
69439.4 4966.26
69448 4967.32
69448 4975
69452.5 4967.86
69478 4970.97
69478 4979
69488 4972.19
69544.8 4979.1
69552 4998
69552 4979.98
69659 4993
69659 4981.32
69740 4987
69740 4967.96
69743 4967.97
69743 4986
69764.3 4968.09
69828 4968.45
69896 4998
69896 4968.83
69951.9 4969.15
70005 4996
70005 4971.04
70013.6 4969.5
70117.6 4970.08
70123 4981
70123 4975.99
70128.8 4970.14
70130 4970.15
70130 4992
70141.8 4970.22
70199 4970.54
70199 4989
70264.2 4981.86
70296 4988
70296 4978.38
70405.1 4966.43
70426 4988
70426 4964.14
70493 4956.8
70493 4998
70528.7 4969.62
70547 4999
70547 4955.06
70553.1 4950.22
70591.2 4946.05
70610 4980
70610 4943.99
70665 4937.97
70665 4972
70667 4965.16
70667 4990
70775.1 4934.7
70856 4972
70856 4949.64
70938.2 4910.2
71008.2 4918.55
71130 4969.01
71130 5000
71147.4 4976.21
71171 4986
71171 4943.87
71199.1 4905.42
71202 4906.85
71202 4945
71219.8 4915.63
71224 4917.69
71224 5000
71270 4960.59
71270 4984
71279.9 4952.09
71280 4952.02
71280 4981
71282 4979.26
71282 4981
71359.5 4936.16
71402 4986
71402 4911.6
71436 4891.94
71436 4979
71437 4969.92
71437 4970
71511 4906.99
71511 4934
71531.9 4916.53
71543 4926.13
71543 4986
71566 4959.18
71566 4976
71590.5 4967.22
71603 4978
71603 4962.76
71677.6 4936.07
71697.9 4943.38
71698 4953
71698 4943.43
71746 4960.72
71746 4983
71774 4977.02
71774 4988
71790.7 4976.82
71794 4978
71794 4974.63
71798.2 4971.85
71826.6 4965.77
71915 4994
71915 4965.93
71938 4970
71938 4967.21
71957 4992
71957 4937.9
72072 4913.31
72076 4915
72076 4912.47
72141 4898.57
72141 4939
72157 4897.33
72157 4977
72183 4959.44
72183 4975
72208.7 4942.11
72229 4928.38
72229 4953
72334 4927.4
72334 4941
72434 4931.64
72434 4974
72467.9 4928.46
72468 4928.45
72468 4992
72522 4940.8
72522 4973
72548.4 4959.97
72578 4991
72578 4945.35
72582 4943.37
72582 4957
72593 4941.3
72593 4980
72642.6 4941.4
72654 4955
72654 4932.48
72659.2 4928.4
72686.2 4930.1
72699 4992
72699 4958.07
72701.1 4956.11
72703 4961
72703 4954.33
72726.3 4932.63
72737.4 4933.33
72798 4992
72798 4937.16
72845 4940.12
72845 4973
72877.8 4955.64
72888 4969
72888 4950.24
72900.5 4943.63
72958 4947.26
72958 4985
72967.1 4947.83
72982 4948.77
72982 4992
72987.7 4949.13
73058 4953.57
73058 4958
73083.7 4955.19
73094 4955.84
73135.5 4981.7
73140 4993
73140 4984.51
73152 4992
73152 4982.14
73156 4987
73156 4959.76
73192 4962.03
73192 4999
73208.5 4963.07
73307 4969.29
73307 4983
73321 4977.8
73321 5000
73374.6 4973.56
73395.1 4974.85
73397 4980
73397 4974.97
73468.3 4979.47
73478 4987
73478 4980.08
73710 4994.73
73710 4997
73714 4994.98
73746 4997
73746 4978.66
73752 4975.61
73752 4976
73758.3 4973.25
73789 4971.47
73789 4982
73792 4971.29
73971 4960.91
73971 4965
73973 4963.37
73973 4965
73980 4964.15
73980 4968
73983 4966.08
73983 4996
73987.4 4963.26
73988 4963.19
73988 4976
73998.1 4961.97
74039.9 4956.91
74053.6 4956.12
74071 4968
74071 4955.11
74095 4953.71
74095 4965
74102 4965.03
74102 4970
74109.2 4965.06
74163.8 4965.31
74165 4967
74165 4965.32
74193.8 4965.45
74203 4974
74203 4965.49
74214 4965.54
74214 4967
74215.2 4965.55
74216.3 4965.55
74218 4981
74218 4965.56
74371 4966.25
74371 4988
74383.5 4966.31
74453.1 4966.63
74459 4986
74459 4966.65
74488.7 4966.79
74547 4983
74547 4967.05
74551.6 4967.07
74552 4967.58
74552 5000
74561.3 4979.5
74564 4983
74564 4973.49
74565 4971.32
74582 4991
74582 4969.85
74594 4981.38
74594 4987
74594.5 4981.82
74604 4991
74604 4967.31
74634 4967.45
74634 4975
74635.7 4967.46
74751.8 4967.98
74759 4995
74759 4968.02
74768 4968.06
74768 4972
74770.1 4968.07
74843.5 4968.4
74846 4991
74846 4968.41
74977 4969.01
74977 4980
74988.1 4972.81
74991 4988
74991 4970.93
74993.9 4969.08
75205.1 4970.04
75222 4986
75222 4970.12
75243.9 4970.22
75257 4987
75257 4970.28
75283 4970.4
75283 4980
75293.8 4970.45
75302.8 4970.49
75349.6 4973.92
75383 4993
75383 4976.38
75421 4979.17
75421 4983
75421.2 4979.19
75582 4991
75582 4971.75
75697.1 4972.28
75711 4992
75711 4972.34
75828 4972.87
75828 4992
75942 4977.98
75948 4987
75948 4977.25
75966.7 4974.95
75975 4993
75975 4973.93
75978 4973.55
76032 4973.8
76032 5000
76043.6 4973.85
76065 4973.95
76075 4991
76075 4975.37
76101 4983
76101 4974.11
76107 4974.14
76107 4995
76116.5 4978.24
76121.1 4974.2
76206 4974.59
76206 4981
76211.8 4974.62
76302 4975.03
76311 4981
76311 4975.07
76330.2 4975.15
76359 4985
76359 4975.28
76552 4976.16
76552 4983
76555 4976.17
76641.1 4976.57
76652 4989
76652 4976.62
76711.5 4976.89
76722 4986
76722 4994
76722.6 4976.94
76735 4976.99
76735 4985
76754.9 4977.08
76779.2 4977.19
76781 4979
76781 4977.2
76834.8 4977.45
76836 4978.28
76836 4988
76841.7 4982.43
76848 4987
76848 4977.51
76935.5 4977.9
76937 4989
76937 4977.91
77120 4978.74
77127 4991
77127 4978.77
77196.6 4979.09
77219 4987
77219 4979.19
77376.9 4979.91
77377 4980
77377 4979.91
77448 4980.23
77448 4992
77453 4980.25
77820 4981.92
77820 5000
77834.9 4981.99
77996 4982.72
77996 4988
78002.6 4982.75
78225 4983.76
78225 4985
78225.8 4983.76
78451 4984.79
78451 4993
78452 4984.79
78588.7 4985.41
78601 4988
78601 4985.47
78681 4985.83
78681 4992
78681.2 4985.83
78718 4986
78718 4960
78753 4988
78753 4950.85
78755.4 4950.6
78774 4959
78774 4948.66
78783.6 4947.66
78786 4975
78786 4947.41
78810 4944.92
78810 4977
78853.9 4946.37
78893 4950.91
78893 4970
78982.5 4942.39
78991 4955
78991 4939.79
79027 4928.69
79037 4928.96
79037 4956
79083 4936.78
79083 4953
79106.2 4930.81
79141.5 4931.76
79179 4996
79179 4932.77
79194 4933.17
79194 4961
79208.8 4933.57
79219 4933.84
79219 4999
79239 4941.41
79239 4959
79267.6 4935.14
79340.9 4937.11
79349 4950.94
79349 4964
79353.8 4959.06
79369 4985
79369 4943.3
79374.1 4938
79381.4 4938.2
79383 4944.6
79383 4971
79389.1 4969.26
79392 4981
79392 4968.42
79443.1 4953.79
79449 4994
79449 4952.11
79478.6 4943.64
79505 4952.27
79505 4974
79513.2 4954.94
79547 4966
79547 4942.64
79550.2 4942.72
79563 4944.22
79563 4962
79577.8 4945.95
79652 4954.64
79665 4968
79665 4956.16
79665 4992
79699.9 4968.41
79700 4969
79700 4968.32
79710.2 4961.45
79715.9 4962.12
79718 4966
79718 4962.37
79764.1 4967.77
79814 4994
79814 4973.61
79860 4979
79860 4951.03
79924.7 4952.77
79937 4987
79937 4953.09
79960 4953.71
79960 4978
79982.5 4963.42
79985 4973
79985 4961.8
79992 4957.27
79992 4987
80358.9 4986.37
80359 4987
80359 4986.37
80386 4986.32
80386 4989
80387.2 4986.32
80443.5 4986.22
80459 4998
80459 4986.2
80502.6 4986.12
80505 4989
80505 4986.12
80576 4986
80576 4993
80596.2 4985.96
80728.1 4985.73
80734 4990
80734 4985.72
80751 4985.7
80751 4991
80771 4986.58
80771 4996
80773.1 4986.12
80775.2 4985.65
80814.9 4985.59
80924 4992
80924 4985.4
81007 4985.26
81007 4991
81016.3 4985.24
81235.1 4984.86
81243 4993
81243 4984.85
81482.4 4984.44
81483 4985.02
81483 4987
81483.6 4985.57
81485 4987
81485 4984.43
81588.3 4984.26
81591 4992
81591 4984.25
81596.2 4984.24
81597 4985
81597 4984.24
81637.8 4984.17
81641 4998
81641 4984.17
81737 4984
81737 4964.83
81846.8 4963.49
81848 4968
81848 4963.48
82035 4961.21
82035 4990
82068 4937
82104 4936.13
82170.5 4946.95
82193 4983
82193 4950.6
82195 4950.92
82195 4952
82195.7 4951.03
82212 4953.68
82220.5 4961.36
82224 4972
82224 4964.57
82230 4970
82230 4956.61
82257 4961
82257 4932.41
82310 4931.13
82310 4988
82357 4975.09
82357 4997
82377 4969.59
82378 4969.34
82397 4987
82397 4964.11
82417 4958.62
82417 4995
82463.8 4945.77
82522.8 4929.55
82523 4929.59
82523 4972
82537.9 4935.14
82561 4971
82561 4939.77
82620.7 4955.75
82622 4961
82622 4956.11
82756 4992
82756 4940.63
82851 4988
82851 4921.57
82866 4922.36
82866 4957
82866 4995
82901.8 4945.21
82927 4982
82927 4955.64
82931 4960.11
82931 4981
82940.8 4971.06
82947 4978
82947 4964.77
82969.3 4942.15
83026 4979
83030 4983
83030 4981.6
83046 4992
83046 4931.79
83051.9 4932.09
83100 4952
83100 4934.61
83134 4936.4
83134 4988
83159.8 4937.74
83160 4937.76
83160 4949
83190 4943.69
83190 4975
83239.5 4941.92
83345 4947.45
83345 4966
83348.7 4947.64
83451 4953
83451 4921.5
83458.7 4922.11
83465.1 4924.88
83516 4987.6
83516 4989
83516.7 4988.47
83522 4995
83522 4984.41
83559.6 4955.59
83561 4961
83561 4954.54
83587 4934.63
83587 4954
83631.9 4935.82
83646 4936.94
83646 4975
83698 4965.54
83698 4985
83718.6 4961.79
83723 4960.99
83723 4964
83723.7 4960.86
83773 4951.89
83773 4996
83785 4956.28
83785 4993
83808.5 4952.71
83813.5 4950.19
83849 4953
83849 4938.06
83930.8 4923.16
83936 4982
83936 4922.23
83943 4920.95
83943 4949
83950 4919.67
83991.4 4912.15
84009.2 4912.65
84100 4988
84100 4975.95
84337.1 4970.21
84388 4999
84388 4968.97
84431 4967.93
84431 4996
84432.8 4967.89
84438 4967.76
84438 4999
84457.8 4967.28
84612 4963.54
84612 4978
84729 4963.71
84729 4977
84738.8 4962.51
84739 4962.49
84739 4980
84788 4971.84
84788 4997
84801 4976.45
84801 4987
84808.7 4968.38
84876.2 4957.14
84944 4955.5
84944 4982
84952.7 4955.29
84974 4954.77
85051 4981
85051 4952.91
85115 4951.36
85115 4990
85126.9 4982
85127 4984
85127 4981.93
85163.5 4957.37
85205 4964.31
85205 4982
85218.4 4967.98
85219 4971
85219 4967.39
85219.6 4966.76
85233 4969
85233 4952.77
85237.2 4948.4
85257.5 4947.9
85259 4970
85259 4947.89
85322 4949.66
85322 4989
85327.4 4949.82
85333 4949.97
85333 4956
85333.1 4949.98
85342 4950.23
85354 4958
85354 4950.57
85391 4951.61
85391 4992
85394.7 4951.71
85467 4953.75
85472 4991
85472 4953.89
85497 4954.6
85497 4969
85499.8 4954.68
85518 4955.19
85518 4966
85519 4955.22
85525 4955.39
85525 4989
85554.4 4956.22
85624.4 4958.19
85644 4996
85644 4965
85644 4958.74
85829.7 4963.98
85838 4991
85838 4965.33
85947 4985
85947 4969.11
85962 4970
85962 4967.71
85967.3 4967.86
85985 4997
85985 4968.36
86006.7 4968.97
86008 4976
86008 4969
86022 4969.4
86022 4994
86022.6 4969.42
86211.9 4974.75
86216 4979
86216 4974.87
86545 4984.15
86545 4995
86550.9 4984.31
86617 4986.18
86617 5000
86630.2 4986.55
86874 4993.42
86877 4998
86877 4993.51
86930 4995
86930 4907.6
86977 4908.72
86977 4958
86991.6 4909.06
86995 4909.14
86995 4984
87015 4967.02
87015 4970
87019 4966.12
87019 4970
87047.9 4939.13
87065.5 4924.19
87101.1 4920.3
87107 4924.78
87107 4964
87128 4942.35
87128 4989
87195 4929.05
87195 4996
87202.1 4922.7
87202.6 4922.25
87226 4955
87226 4914.63
87231 4914.74
87231 4997
87319 4957.06
87319 4982
87321.8 4955.78
87337.7 4948.55
87354 4963
87354 4941.17
87356.6 4939.99
87392 4963
87392 4923.92
87403.2 4918.83
87422.2 4919.28
87462 4957
87462 4920.23
87527 4921.77
87527 4951
87551.8 4922.36
87600 4923.5
87600 4962
87633.5 4924.3
87640.6 4924.47
87654 4967
87654 4930.5
87659 4934.23
87659 4948
87660.2 4935.16
87723 4982
87723 4926.42
87784 4927.87
87784 4988
87839.3 4940.99
87843 4989
87843 4937.88
87852.9 4929.5
87961 4932.07
87961 4960
87982.1 4932.57
88014 4933.33
88014 4966
88119.8 4965.65
88143 4983
88143 4965.57
88356 4964.87
88356 4972
88356.4 4964.87
88486 4964.44
88486 5000
88644.2 4963.92
88699.5 4963.74
88729 4999
88729 4963.64
88966 4962.86
88966 4970
88966 4962.85
88994 4962.76
88994 4999
89092.4 4962.44
89376.6 4961.5
89383 4964.84
89383 4971
89388.4 4967.64
89393 4970.02
89393 4974
89393.8 4970.43
89404 4975.71
89404 4985
89407.2 4977.36
89420 4984
89420 4961.36
89461 4961.22
89461 4973
89475.5 4961.17
89595.2 4960.78
89667 4972.95
89667 4995
89714.1 4960.38
89725.6 4960.35
89731 4962
89731 4960.33
89804 4960.09
89866 4999
89866 4959.88
89906 4959.75
89906 4999
89911.9 4959.73
89920.2 4959.7
89921 4973
89921 4959.7
90012 4959.4
90012 4998
90012.2 4959.4
90017 4959.38
90017 4976
90057.9 4959.25
90081.2 4959.17
90094 4978
90094 4959.13
90125 4959.03
90125 4994
90317 4986.24
90317 4993
90322.1 4986.04
90344 4985.15
90344 4992
90351.7 4984.84
90457.8 4980.55
90459 4981.13
90459 4986
90459.4 4981.34
90477 4990
90477 4979.78
90532 4977.56
90532 4980
90535 4977.44
90542.4 4977.14
90550 4986
90550 4976.83
90783.3 4967.41
90804.7 4972.16
90813 4990
90813 4974
90822 4976
90822 4967.84
90873.7 4966.44
90878 4981
90878 4966.32
90932.4 4964.85
90933 4968
90933 4964.84
91206.7 4957.44
91232 4982
91232 4957.8
91249.3 4958.91
91271 4996
91271 4962.09
91276 4965.46
91276 4987
91279.3 4967.66
91305 4985
91305 4962.46
91314 4963.04
91314 4971
91319.1 4963.37
91423 4970
91423 4966.64
91435 4988
91435 4969.62
91445 4972.16
91445 4979
91447.2 4972.71
91468 4978
91468 4950.37
91602 4946.75
91602 4959
91609 4953.93
91610 4956
91610 4953.2
91619.5 4946.27
91739.8 4943.02
91740 4982
91740 4943.01
91760.2 4942.47
91765 4945.78
91765 4977
91806.6 4974.36
91812 4978.04
91812 4996
91825.2 4987.11
91844 5000
91844 4974.47
91848.1 4971.73
91916.4 4967.4
91945 4994
91945 4965.59
92008.5 4961.57
92010 4968.98
92010 4971
92010.4 4970.98
92015 4993
92015 4970.8
92067.8 4968.68
92074 5000
92074 4968.43
92105 4967.18
92105 4987
92113.4 4966.84
92139 4965.81
92139 4968
92140.5 4965.75
92226.5 4962.29
92254 4974
92254 4961.19
92319.7 4958.54
92342 4987
92342 4957.65
92361.2 4956.88
92370 4972
92370 4961.52
92379 4966.81
92379 4972
92382.2 4968.72
92406 4982.7
92406 4992
92411.5 4985.92
92415 4988
92415 4981.99
92440.4 4953.69
92442 4953.62
92442 4963
92448.7 4953.36
92531.1 4950.04
92615 4988
92615 4946.67
92666 4944.61
92666 4957
92668 4944.54
92674.5 4944.27
92698 4970
92698 4943.33
92714.3 4942.67
92717 4945
92717 4982
92752.5 4972.06
92755 4984
92755 4971.36
92759 4970.24
92759 4976
92769.9 4967.2
92843 4946.72
92877 4984
92877 4959
92899 4945.89
92899 4979
92915 4968.53
92915 4996
92917.1 4967.14
92948.7 4946.5
93048 4968.05
93048 4998
93139.1 4925.59
93275 4920.12
93306 4956
93306 4918.87
93394.9 4915.3
93421 4924
93421 4956
93440.7 4930.58
93478 4943
93478 4911.95
93479 4911.91
93479 4931
93519.3 4910.29
93584 4907.69
93584 4974
93642.8 4930.74
93670 4957.33
93670 4967
93674.4 4961.6
93684 4971
93684 4949.7
93702 4927.47
93702 4988
93753 4979.03
93753 4994
93776.7 4974.87
93800 4970.77
93800 4983
93802 4980.97
93802 4997
93823 4979.69
93823 4987
93844.7 4962.91
93936 4946.85
93936 4968
93960.6 4942.52
94011 4933.66
94011 4988
94106.8 4944.28
94123 4960
94123 4936.91
94128.6 4934.36
94150 4989
94150 4924.6
94152.7 4923.36
94193 4927.93
94193 4986
94208.8 4929.72
94343 4944.96
94343 4961
94343.6 4945.02
94350 4945.75
94350 4994
94402.3 4951.69
94775 4994
94775 4973.53
94780 4977
94780 4963.55
94797.1 4968.25
94804 4976
94804 4970.16
94887 4993
94887 4957.17
94901.2 4953.53
94944 4969.73
94944 4984
95019.1 4939.02
95023 4938.3
95023 4983
95060 4967.91
95074 4983
95074 4962.19
95098 4952.4
95098 4962
95107.4 4948.57
95118 4944.24
95118 4977
95177.6 4921.89
95180 4929
95180 4919.67
95181.2 4918.54
95186.8 4916.8
95221.3 4944.36
95243 4989
95243 4972
95243.9 4962.35
95281 4992
95281 4932.85
95298 4929.87
95298 4951
95322.8 4947.37
95326 4961
95326 4946.9
95339 4945.01
95340 4978
95340 4944.86
95352 4943.1
95352 4948
95356.4 4942.46
95390 4937.54
95390 4946
95415.5 4933.81
95418.8 4933.33
95438 4940.51
95438 4974
95452 4964.98
95452 4998
95567 4915.76
95567 4934
95577 4925.88
95585 4937.74
95585 4973
95598.4 4957.68
95608 4972
95608 4946.69
95624.7 4927.61
95641 4934
95641 4908.94
95643.8 4905.78
95670 4942
95670 4909.36
95747.1 4929.18
95751 4940.44
95751 4971
95755.6 4953.73
95769 4992
95769 4934.82
95805 4944.08
95805 4972
95838 4959.38
95838 4977
95846.5 4973.03
95854 4987
95854 4969.5
96000.4 4900.86
96006 4905
96006 4899.1
96014 4901.26
96014 4972
96049.3 4910.81
96065 4915.05
96065 4976
96071.6 4961.58
96108 4935.5
96111 4978
96111 4939.4
96124.8 4931.2
96149 4937.76
96149 4950
96151 4948.55
96151 4972
96172.8 4968.31
96176 4980
96176 4967.77
96287.3 4948.95
96289 4951
96289 4948.67
96297.3 4947.27
96381 4963.2
96381 4988
96404.4 4967.64
96454.1 4977.1
96462 4987
96462 4978.6
96564 4998
96564 4942.43
96595 4955.63
96597 4960
96597 4956.5
96631 4971
96631 4934.74
96677 4986
96677 4973.07
96685 4982
96685 4889.62
96696.9 4884.47
96731.7 4889.03
96754 4903.71
96754 4945
96757.6 4906.08
96759 4907
96759 4892.62
96794.7 4897.3
96803 4906.27
96803 4989
96820.8 4925.47
96838 4944
96838 4927.06
96920 4984
96920 4910.32
96939 4912.96
96939 4976
96952 4966.48
96952 4984
97039.9 4926.99
97045 4927.7
97045 4958
97065 4934.02
97065 4936
97065.1 4933.89
97067.6 4930.85
97078 4932.29
97078 4933
97078.9 4932.41
97191 4948
97191 4927.11
97304 4953
97304 4908.33
97308 4909
97308 4907.77
97312 4912.04
97312 4951
97419 4899.51
97420.8 4900.4
97430 4916.54
97430 5000
97460.9 4970.67
97472 4990
97472 4960.19
97548.8 4887.35
97558 4889
97558 4878.67
97563.1 4873.84
97571 4874.2
97571 4987
97578.7 4874.55
97603 4875.65
97603 4962
97655.9 4929.35
97674.2 4923.25
97680 4928.29
97680 4963
97690.3 4937.14
97704 4949
97704 4913.24
97725 4906.21
97725 4959
97779.5 4928.07
97825 4973
97825 4902.26
97841 4893.18
97841 4998
97955 4898.75
97955 4904
97956.7 4897.3
97962.8 4891.95
98024.7 4894.76
98050 4938
98050 4895.85
98070 4919.66
98070 4950
98073.1 4923.35
98119 4978
98119 4918.47
98183.4 4964.15
98184 4996
98184 4964.56
98210 4983
98210 4905.81
98229 4908.67
98229 4976
98283 4943.03
98283 5000
98332.4 4976.7
98342 4972.89
98342 4979
98427 4958.98
98427 5000
98524.6 4956.32
98536 4994
98536 4954.84
98643.2 4970.97
98644 4972
98644 4971.08
98687.8 4977.67
98689 4982
98689 4977.85
98690 4978
98690 4938.93
98798.9 4951.93
98831 4965
98831 4964.26
98844 4978
98844 4878.61
98844.4 4878.5
98865 4895
98865 4872.91
98869.8 4871.6
98897.1 4875.45
98963 4954
98963 4897.31
99028 4978
99028 4893.97
99092 4903.02
99092 4924
99108.7 4905.39
99116 4906.41
99116 4992
99122.1 4907.27
99171 4914.19
99171 4918
99177.3 4915.08
99181 4915.61
99181 4964
99195.8 4949.92
99276.3 4937.81
99294 4964
99294 4935.14
99306.2 4933.31
99310 4933.85
99310 4975
99340 4951.97
99340 4993
99376 4958.17
99376 4967
99393.7 4945.69
99417 4948.98
99417 4983
99517 4968.24
99517 4977
99521.9 4967.51
99627 4952
99627 4985
99672 4956.46
99672 4981
99701 4943.6
99701 4968
99796 4955.08
99796 4987
99903.1 4947.23
99922 4950.47
99922 4958
99923.8 4950.77
99957 4956.47
99957 4994
99979.1 4960.27
99987 4961.62
99987 4962
99987.9 4961.77
100100 4981
100100 4933.86
100145 4922.74
100151 4994
100151 4921.17
100207 4907.11
100253 4965
100253 4895.77
100256 4895.1
100257 4903
100257 4894.77
100278 4889.49
100320 4883.85
100358 4953
100358 4878.64
100399 4873.11
100464 4874.47
100508 4961
100508 4885.73
100531 4895
100531 4875.88
100635 4878.07
100687 4903
100687 4856.62
100815 4918
100815 4909.08
100840 4932
100840 4904.69
100867 4919
100867 4873.17
100885 4874.97
100971 4968
100971 4914.27
100990 4957
100990 4885.73
101050 4891.81
101082 4968
101082 4874.25
101084 4876
101084 4852.51
101088 4853.75
101245 4927.54
101261 4950
101261 4934.9
101398 4999
101398 4910.81
101432 4924.47
101438 4927.48
101490 4982
101490 4950.69
101593 4997
101593 4875.71
101669 4883.46
101690 4892.1
101800 4961
101800 4915.33
101974 4980
101974 4844.89
102295 4917.16
102340 4979
102340 4927.3
102543 4973
102543 4914.86
102548 4916
102548 4911.25
102668 4938
102668 4804.77
102700 4805.65
102780 4892
102780 4807.87
102799 4808.39
102872 4859
102872 4810.41
102937 4812.2
103211 4974
103211 4840.31
103214 4841.32
103228 4853
103228 4845.29
103326 4874
103326 4858.43
103710 4938
103710 4882.14
103987 4988
103987 4918.43
104018 4949
104018 4847.95
104019 4848
104019 4842.15
104066 4843.44
104073 4848
104073 4843.64
104122 4845
104122 4831.4
104378 4913
104378 4763.11
104404 4777
104404 4578.2
104429 4596
104429 4223.58
104522 4234
104522 4220.56
104711 4390
104711 3735.24
104938 3845
104938 1195.34
104978 1195
104978 0
104976
520024369
