16
17 0 0 0 0 0 0 0 0 0 0 0 0 0 0 0 
0 28 0 0 0 15 17 0 0 168 0 0 0 0 110 0 
0 0 29 0 0 0 0 0 0 0 0 0 0 0 0 0 
0 0 0 111 0 0 0 0 0 0 0 0 0 0 0 0 
0 0 0 0 23 0 0 0 0 0 0 0 0 0 0 0 
0 0 0 0 0 151 0 0 0 0 0 50 0 0 0 0 
0 0 0 0 0 0 110 0 0 0 0 0 0 0 17 0 
0 0 0 0 0 0 0 130 0 0 0 139 0 0 0 0 
0 0 0 0 0 0 0 0 119 0 0 0 0 0 0 0 
0 0 0 0 0 0 0 0 0 72 0 0 0 0 0 187 
0 0 0 0 0 0 0 0 0 0 173 0 65 0 0 0 
0 0 0 0 0 0 0 0 0 0 0 116 0 0 0 45 
0 0 0 0 0 0 0 0 0 0 0 0 75 0 0 0 
0 0 0 0 0 0 0 0 0 0 0 0 0 160 0 0 
0 0 0 0 0 0 0 0 0 0 0 0 0 0 138 0 
0 0 0 0 0 0 0 0 0 0 0 0 0 0 0 127 
