16
45 95 0 0 0 0 0 0 55 0 0 0 0 0 0 0 
0 170 0 0 0 0 0 69 0 0 0 0 0 0 0 0 
0 0 108 0 0 0 0 173 0 0 0 0 127 2 0 0 
0 0 0 146 0 0 0 0 0 139 0 0 0 0 0 0 
0 0 0 0 192 0 0 0 0 0 0 0 198 0 0 0 
0 0 0 0 0 2 138 49 0 133 0 0 0 0 0 0 
0 0 0 0 0 0 19 0 0 0 0 0 0 0 0 0 
0 0 0 0 0 0 0 186 0 0 0 129 170 0 0 0 
0 0 0 0 0 0 0 0 142 0 130 0 0 0 0 57 
0 0 0 0 0 0 0 0 0 115 188 189 0 0 67 0 
0 0 0 0 0 0 0 0 0 0 192 5 22 0 0 0 
0 0 0 0 0 0 0 0 0 0 0 10 0 0 162 0 
0 0 0 0 0 0 0 0 0 0 0 0 13 0 0 0 
0 0 0 0 0 0 0 0 0 0 0 0 0 21 0 0 
0 0 0 0 0 0 0 0 0 0 0 0 0 0 61 0 
0 0 0 0 0 0 0 0 0 0 0 0 0 0 0 153 
