18
111 0 0 0 0 0 0 0 0 0 0 0 0 0 0 0 0 87 
0 158 44 0 0 0 0 0 0 0 0 0 0 0 0 0 0 0 
0 0 91 0 0 0 0 182 143 0 0 0 0 0 119 0 0 0 
0 0 0 85 0 0 0 0 0 0 0 0 0 0 0 0 0 0 
0 0 0 0 166 0 0 0 0 0 0 0 0 0 0 0 0 0 
0 0 0 0 0 69 0 0 0 0 0 0 0 0 0 0 0 0 
0 0 0 0 0 0 101 0 0 0 0 0 0 0 0 0 0 0 
0 0 0 0 0 0 0 121 0 0 0 0 0 0 0 0 0 0 
0 0 0 0 0 0 0 0 29 0 0 0 0 0 0 0 0 0 
0 0 0 0 0 0 0 0 0 186 24 0 0 0 25 0 0 0 
0 0 0 0 0 0 0 0 0 0 6 0 0 0 8 0 0 0 
0 0 0 0 0 0 0 0 0 0 0 185 0 130 0 0 0 0 
0 0 0 0 0 0 0 0 0 0 0 0 136 21 0 0 0 0 
0 0 0 0 0 0 0 0 0 0 0 0 0 179 0 0 0 0 
0 0 0 0 0 0 0 0 0 0 0 0 0 0 24 0 147 0 
0 0 0 0 0 0 0 0 0 0 0 0 0 0 0 173 0 0 
0 0 0 0 0 0 0 0 0 0 0 0 0 0 0 0 84 0 
0 0 0 0 0 0 0 0 0 0 0 0 0 0 0 0 0 150 
