17
95 0 0 9 27 7 53 81 76 18 82 24 0 24 65 29 0 
0 44 0 20 39 0 0 12 0 0 0 0 0 0 56 0 37 
0 0 34 0 0 18 0 96 16 28 0 0 13 28 48 72 68 
0 0 0 47 34 0 0 91 98 0 67 0 62 0 53 46 0 
0 0 0 0 3 0 82 98 0 0 81 1 14 0 4 0 0 
0 0 0 0 0 56 87 13 0 0 52 0 66 44 0 0 0 
0 0 0 0 0 0 13 0 0 52 0 18 60 0 60 0 0 
0 0 0 0 0 0 0 64 0 0 0 51 45 0 10 0 0 
0 0 0 0 0 0 0 0 25 0 0 29 62 0 0 0 0 
0 0 0 0 0 0 0 0 0 66 0 46 44 24 32 30 0 
0 0 0 0 0 0 0 0 0 0 15 0 0 35 3 14 0 
0 0 0 0 0 0 0 0 0 0 0 47 0 0 0 0 50 
0 0 0 0 0 0 0 0 0 0 0 0 71 0 7 0 51 
0 0 0 0 0 0 0 0 0 0 0 0 0 96 0 28 0 
0 0 0 0 0 0 0 0 0 0 0 0 0 0 68 51 66 
0 0 0 0 0 0 0 0 0 0 0 0 0 0 0 63 71 
0 0 0 0 0 0 0 0 0 0 0 0 0 0 0 0 17 
