17
125 142 0 0 0 0 0 0 0 0 77 0 0 0 0 0 0 
0 69 0 0 0 0 0 10 0 0 0 72 10 0 0 0 0 
0 0 187 0 102 0 0 0 0 0 0 0 0 78 0 0 0 
0 0 0 175 163 0 0 0 0 0 0 0 0 195 0 101 0 
0 0 0 0 194 0 0 0 0 0 0 0 0 0 0 0 182 
0 0 0 0 0 168 0 0 0 0 0 0 0 59 0 124 0 
0 0 0 0 0 0 99 0 48 0 120 0 0 0 0 0 0 
0 0 0 0 0 0 0 145 0 0 0 0 0 0 0 0 14 
0 0 0 0 0 0 0 0 78 68 0 0 0 64 0 0 171 
0 0 0 0 0 0 0 0 0 74 0 0 0 74 171 0 71 
0 0 0 0 0 0 0 0 0 0 1 0 0 0 0 0 0 
0 0 0 0 0 0 0 0 0 0 0 68 0 0 95 0 0 
0 0 0 0 0 0 0 0 0 0 0 0 38 0 180 0 43 
0 0 0 0 0 0 0 0 0 0 0 0 0 196 0 41 0 
0 0 0 0 0 0 0 0 0 0 0 0 0 0 196 0 0 
0 0 0 0 0 0 0 0 0 0 0 0 0 0 0 4 0 
0 0 0 0 0 0 0 0 0 0 0 0 0 0 0 0 30 
