30
66 0 0 0 10 104 0 0 0 72 0 0 0 0 0 0 0 0 0 184 28 0 0 49 0 163 0 12 104 0 
0 181 0 141 0 0 104 0 0 0 0 0 0 0 0 0 95 143 0 0 0 0 0 0 72 0 139 185 0 0 
0 0 52 0 0 141 0 0 132 34 0 0 0 0 0 0 0 0 0 0 0 0 0 0 0 144 0 0 0 105 
0 0 0 107 0 0 0 0 0 0 0 0 0 0 0 0 0 0 123 0 0 0 0 0 0 0 148 0 0 55 
0 0 0 0 82 0 0 0 0 0 0 0 0 0 0 174 0 0 0 0 194 0 0 0 0 0 0 0 0 0 
0 0 0 0 0 194 0 138 0 0 0 0 0 0 0 108 0 0 0 0 0 0 0 0 0 93 0 0 0 157 
0 0 0 0 0 0 32 0 0 0 0 0 0 0 0 0 0 0 0 0 161 11 21 153 0 0 42 164 114 0 
0 0 0 0 0 0 0 23 0 181 0 0 0 0 0 149 0 0 0 160 0 0 0 78 68 0 0 0 0 0 
0 0 0 0 0 0 0 0 170 91 0 0 0 0 0 0 141 0 0 0 0 0 0 0 0 0 0 0 146 0 
0 0 0 0 0 0 0 0 0 68 0 0 171 67 0 62 194 0 0 0 0 0 0 91 0 0 0 116 0 0 
0 0 0 0 0 0 0 0 0 0 175 197 0 56 93 0 0 0 128 0 0 0 98 0 0 0 0 0 0 0 
0 0 0 0 0 0 0 0 0 0 0 2 0 0 0 0 0 0 68 0 0 0 0 133 0 12 0 0 0 0 
0 0 0 0 0 0 0 0 0 0 0 0 40 175 37 0 0 0 0 0 0 0 0 0 0 45 0 58 0 134 
0 0 0 0 0 0 0 0 0 0 0 0 0 121 0 0 0 49 0 73 0 0 0 0 0 0 0 114 0 0 
0 0 0 0 0 0 0 0 0 0 0 0 0 0 121 140 0 0 0 0 0 0 0 0 0 0 108 0 0 0 
0 0 0 0 0 0 0 0 0 0 0 0 0 0 0 151 57 0 0 0 0 0 88 0 0 0 0 0 0 0 
0 0 0 0 0 0 0 0 0 0 0 0 0 0 0 0 44 0 0 0 73 0 0 0 0 0 0 65 137 0 
0 0 0 0 0 0 0 0 0 0 0 0 0 0 0 0 0 124 0 0 0 0 91 0 0 0 0 0 0 38 
0 0 0 0 0 0 0 0 0 0 0 0 0 0 0 0 0 0 82 0 0 0 0 124 0 0 0 0 0 101 
0 0 0 0 0 0 0 0 0 0 0 0 0 0 0 0 0 0 0 1 68 0 198 0 0 7 0 0 0 0 
0 0 0 0 0 0 0 0 0 0 0 0 0 0 0 0 0 0 0 0 196 0 0 0 0 23 0 0 0 0 
0 0 0 0 0 0 0 0 0 0 0 0 0 0 0 0 0 0 0 0 0 97 0 0 143 0 58 0 0 0 
0 0 0 0 0 0 0 0 0 0 0 0 0 0 0 0 0 0 0 0 0 0 1 0 0 0 153 0 0 0 
0 0 0 0 0 0 0 0 0 0 0 0 0 0 0 0 0 0 0 0 0 0 0 6 0 0 0 0 0 0 
0 0 0 0 0 0 0 0 0 0 0 0 0 0 0 0 0 0 0 0 0 0 0 0 184 0 0 0 0 0 
0 0 0 0 0 0 0 0 0 0 0 0 0 0 0 0 0 0 0 0 0 0 0 0 0 148 0 0 0 0 
0 0 0 0 0 0 0 0 0 0 0 0 0 0 0 0 0 0 0 0 0 0 0 0 0 0 104 0 0 0 
0 0 0 0 0 0 0 0 0 0 0 0 0 0 0 0 0 0 0 0 0 0 0 0 0 0 0 15 0 0 
0 0 0 0 0 0 0 0 0 0 0 0 0 0 0 0 0 0 0 0 0 0 0 0 0 0 0 0 151 0 
0 0 0 0 0 0 0 0 0 0 0 0 0 0 0 0 0 0 0 0 0 0 0 0 0 0 0 0 0 39 
