16
107 0 0 0 0 0 0 0 0 0 0 7 0 0 0 0 
0 64 0 0 0 127 0 0 0 0 151 0 0 0 0 0 
0 0 156 0 0 0 0 0 0 0 0 0 0 79 0 0 
0 0 0 5 0 0 0 0 0 2 145 0 0 0 0 0 
0 0 0 0 71 0 0 0 0 0 137 0 0 0 0 0 
0 0 0 0 0 40 0 0 0 0 0 0 0 0 0 0 
0 0 0 0 0 0 3 43 0 0 0 0 0 0 0 0 
0 0 0 0 0 0 0 137 87 0 0 0 0 108 0 0 
0 0 0 0 0 0 0 0 114 0 0 185 0 44 0 30 
0 0 0 0 0 0 0 0 0 117 0 72 0 0 8 0 
0 0 0 0 0 0 0 0 0 0 146 0 0 0 0 0 
0 0 0 0 0 0 0 0 0 0 0 180 0 0 0 0 
0 0 0 0 0 0 0 0 0 0 0 0 118 0 83 0 
0 0 0 0 0 0 0 0 0 0 0 0 0 74 0 0 
0 0 0 0 0 0 0 0 0 0 0 0 0 0 131 0 
0 0 0 0 0 0 0 0 0 0 0 0 0 0 0 104 
